5172 0
5388 0
5224 0
5315 0
5288 0
11484 0
5280 0
5308 0
5026 0
5218 0
18715 0
5144 0
5320 0
4814 0
4859 0
4817 0
5142 0
4728 0
7118 0
4989 0
5125 0
5300 0
5325 0
5327 0
13683 0
5333 0
5416 0
5342 0
7046 0
2723 0
5214 0
5156 0
13391 0
6379 0
5091 0
5373 0
13655 0
13625 0
5329 0
5225 0
5179 0
13664 0
13677 0
5694 0
5101 0
13624 0
8318 0
13657 0
5865 0
5404 0
5497 0
5311 0
5261 0
5323 0
13672 0
5371 0
13650 0
13675 0
5431 0
5414 0
13688 0
5254 0
13654 0
11642 0
5290 0
4815 0
13648 0
5250 0
5375 0
5296 0
4653 0
5346 0
13701 0
5208 0
13690 0
9197 0
5347 0
5230 0
13659 0
5269 0
13610 0
5529 0
5313 0
13647 0
13694 0
5354 0
5277 0
13665 0
13445 0
7727 0
5314 0
5331 0
13487 0
13687 0
5405 0
10519 0
13661 0
5260 0
5714 0
8808 0
7558 0
13583 0
5266 0
18531 0
13684 0
13596 0
5237 0
13556 0
5147 0
5232 0
10287 0
13682 0
5216 0
12907 0
19022 0
13668 0
19232 0
13652 0
5206 0
5339 0
11218 0
10565 0
4627 0
5372 0
5263 0
13627 0
13680 0
5335 0
5426 0
13651 0
5807 0
10582 0
13660 0
9406 0
5483 0
5357 0
8246 0
5384 0
10234 0
5595 0
11409 0
18491 0
6682 0
18410 0
5907 0
5256 0
13649 0
12410 0
13670 0
5422 0
7559 0
6652 0
6446 0
12770 0
5455 0
13617 0
12279 0
13646 0
5459 0
13673 0
5316 0
13635 0
5591 0
5270 0
11158 0
5190 0
13468 0
5075 0
5135 0
13613 0
13700 0
13667 0
9694 0
13666 0
13571 0
13696 0
5157 0
12386 0
13614 0
10301 0
13628 0
13586 0
12587 0
13064 0
5060 0
6511 0
4890 0
4977 0
13634 0
5285 0
19236 0
5353 0
5452 0
12433 0
11259 0
10244 0
18970 0
13608 0
13640 0
11960 0
11789 0
9921 0
13572 0
13669 0
19233 0
8228 0
18983 0
13428 0
7958 0
12695 0
12498 0
13702 0
5252 0
12110 0
11299 0
5017 0
9712 0
8740 0
10812 0
5293 0
5167 0
4734 0
10036 0
5432 0
5319 0
13121 0
13645 0
5278 0
13686 0
5358 0
9711 0
5641 0
6790 0
8347 0
11234 0
13691 0
5415 0
13587 0
13619 0
13574 0
12543 0
5362 0
13685 0
5016 0
6854 0
11683 0
12129 0
5451 0
8756 0
5161 0
11228 0
6848 0
5840 0
5469 0
7258 0
9865 0
9750 0
13286 0
5610 0
13040 0
13644 0
5462 0
12428 0
12143 0
7082 0
5159 0
5892 0
7370 0
11439 0
5908 0
12961 0
12640 0
7994 0
5461 0
5334 0
10099 0
5336 0
13599 0
12303 0
9559 0
5433 0
13025 0
4873 0
13662 0
13181 0
5191 0
6600 0
13553 0
12222 0
12480 0
5464 0
11288 0
10599 0
5825 0
5284 0
13433 0
12039 0
11655 0
4701 0
5345 0
13653 0
13167 0
7215 0
13623 0
5367 0
5418 0
18969 0
10395 0
6453 0
6956 0
5264 0
10980 0
7750 0
11870 0
6134 0
11995 0
13545 0
6868 0
5243 0
8383 0
13372 0
10011 0
12425 0
13681 0
12287 0
5684 0
8433 0
9054 0
11110 0
13643 0
7947 0
11943 0
13564 0
9610 0
10239 0
5029 0
8409 0
7467 0
5351 0
12992 0
13561 0
8424 0
13611 0
5473 0
11215 0
8368 0
13568 0
13642 0
9954 0
13117 0
11442 0
9737 0
7787 0
6960 0
11285 0
8547 0
11304 0
6191 0
6512 0
7500 0
19102 0
13689 0
10503 0
10451 0
6420 0
7207 0
13588 0
8773 0
18902 0
7903 0
7482 0
5365 0
8406 0
5392 0
8195 0
12981 0
13335 0
11407 0
9536 0
8481 0
11831 0
13562 0
7637 0
11797 0
7269 0
11798 0
12870 0
11909 0
8927 0
13578 0
11069 0
13626 0
9855 0
7921 0
10989 0
9732 0
13454 0
12182 0
8305 0
9257 0
11087 0
13592 0
11262 0
5249 0
12879 0
9850 0
8670 0
9333 0
13087 0
5618 0
13697 0
19231 0
5200 0
5729 0
8859 0
13536 0
6001 0
12397 0
6925 0
10870 0
13612 0
13024 0
11030 0
10438 0
6164 0
7104 0
8524 0
6830 0
6152 0
7799 0
9672 0
13203 0
11476 0
6991 0
6845 0
6542 0
8338 0
5092 0
7113 0
6933 0
6384 0
6380 0
10350 0
6226 0
6167 0
5298 0
13512 0
9651 0
5498 0
13632 0
11194 0
8574 0
12096 0
13369 0
12944 0
12426 0
12790 0
11794 0
12666 0
7281 0
13518 0
5478 0
10924 0
6866 0
7907 0
8873 0
13698 0
13633 0
6684 0
5235 0
12263 0
7894 0
13639 0
10173 0
5389 0
13585 0
13600 0
5040 0
11491 0
6677 0
13630 0
6160 0
7710 0
8004 0
9311 0
7659 0
9918 0
5883 0
11152 0
13478 0
4718 0
10605 0
12092 0
18761 0
12706 0
13575 0
9969 0
13638 0
7757 0
5234 0
8063 0
13530 0
13598 0
7328 0
12460 0
11068 0
13699 0
11919 0
11109 0
5324 0
13692 0
5364 0
10606 0
10842 0
8589 0
12970 0
6485 0
5803 0
6287 0
5599 0
7871 0
13521 0
10422 0
13068 0
5943 0
18880 0
11792 0
6728 0
6309 0
5121 0
8463 0
12538 0
12154 0
12215 0
6159 0
7244 0
6506 0
12360 0
5716 0
7061 0
9218 0
5309 0
12299 0
5403 0
19093 0
9586 0
6069 0
5839 0
10817 0
10838 0
12580 0
11777 0
13411 0
11160 0
10604 0
13676 0
5344 0
13693 0
9034 0
6209 0
7268 0
7302 0
12832 0
9713 0
10131 0
8557 0
11490 0
13294 0
9123 0
10628 0
9289 0
7421 0
6860 0
11964 0
13535 0
19008 0
10787 0
12017 0
12270 0
13517 0
13421 0
5322 0
5299 0
10740 0
13365 0
9124 0
12696 0
6216 0
13565 0
11918 0
9470 0
12802 0
5401 0
7884 0
9877 0
10192 0
9600 0
9529 0
10421 0
12778 0
6914 0
10613 0
7363 0
5475 0
7762 0
11506 0
11810 0
13605 0
13513 0
7340 0
13352 0
8083 0
10626 0
10927 0
7640 0
10054 0
10002 0
12740 0
6400 0
5914 0
11368 0
7882 0
12478 0
5678 0
9509 0
11698 0
8921 0
13582 0
5420 0
12467 0
12817 0
11051 0
12526 0
7952 0
9759 0
11671 0
10963 0
7834 0
8345 0
8556 0
7707 0
5877 0
6229 0
10361 0
13674 0
11624 0
12220 0
5427 0
5638 0
7162 0
12306 0
9053 0
12524 0
6908 0
8643 0
12815 0
5863 0
11519 0
10076 0
5502 0
10221 0
9391 0
7880 0
8156 0
12099 0
13555 0
19240 0
7633 0
18763 0
6606 0
5312 0
12669 0
19078 0
9168 0
5814 0
6432 0
9315 0
13679 0
9747 0
13481 0
10638 0
11978 0
8918 0
8543 0
13282 0
13502 0
8470 0
5395 0
9673 0
5510 0
12972 0
10393 0
8011 0
10575 0
11444 0
12997 0
10906 0
11604 0
18994 0
13233 0
13593 0
6774 0
12380 0
5196 0
7955 0
7510 0
19185 0
10764 0
8813 0
11265 0
212 0
13597 0
13531 0
11247 0
12090 0
13527 0
11750 0
9553 0
8933 0
11780 0
11001 0
9092 0
10096 0
9029 0
9625 0
7326 0
13563 0
13483 0
13590 0
11520 0
9635 0
10447 0
19237 0
12463 0
7250 0
13636 0
13144 0
5124 0
7348 0
6262 0
5400 0
5515 0
6353 0
12573 0
10232 0
5039 0
5693 0
13173 0
13013 0
13552 0
9443 0
6221 0
7075 0
11166 0
12649 0
13076 0
11119 0
11179 0
13566 0
8535 0
11062 0
13109 0
7123 0
19184 0
11980 0
7277 0
5778 0
5945 0
8091 0
11888 0
10038 0
19006 0
11176 0
10807 0
7493 0
10058 0
6673 0
7602 0
11441 0
7794 0
6213 0
5305 0
6710 0
9405 0
19062 0
11089 0
18742 0
9046 0
6650 0
9396 0
12326 0
13211 0
9888 0
11710 0
12763 0
8884 0
10563 0
5037 0
9755 0
10374 0
11233 0
8449 0
5663 0
5443 0
10477 0
6964 0
7033 0
10375 0
8700 0
6722 0
12913 0
7455 0
8000 0
11440 0
12702 0
10635 0
11162 0
8823 0
11821 0
5540 0
5489 0
7072 0
10806 0
8394 0
5866 0
6760 0
5251 0
9797 0
9006 0
11045 0
13442 0
6186 0
6828 0
5356 0
6496 0
8237 0
12712 0
7289 0
6525 0
11975 0
7319 0
13551 0
7418 0
11575 0
8829 0
11080 0
5410 0
10819 0
10954 0
19230 0
6223 0
11190 0
6057 0
13376 0
6707 0
13641 0
11614 0
5993 0
8098 0
10465 0
10464 0
11168 0
10900 0
5493 0
11083 0
8812 0
7354 0
10101 0
5062 0
6486 0
9539 0
12104 0
7692 0
6897 0
7037 0
7355 0
9268 0
5086 0
11429 0
12455 0
10368 0
10743 0
11603 0
9588 0
10826 0
12739 0
12629 0
7812 0
10246 0
10835 0
8521 0
8578 0
6670 0
13240 0
11673 0
12078 0
6971 0
13529 0
12459 0
18750 0
9653 0
10919 0
10571 0
7919 0
5421 0
5737 0
7337 0
11580 0
13416 0
6953 0
10484 0
5796 0
13359 0
12777 0
8748 0
10971 0
11948 0
5957 0
11340 0
13301 0
5164 0
7325 0
9564 0
5521 0
11408 0
7343 0
13615 0
13150 0
9591 0
9521 0
11064 0
5674 0
6185 0
10524 0
11726 0
10074 0
5860 0
5821 0
6371 0
10168 0
12614 0
5370 0
18797 0
12725 0
5518 0
10319 0
10837 0
10621 0
6457 0
12917 0
5578 0
12819 0
5338 0
11835 0
12227 0
5756 0
8905 0
9130 0
5448 0
5390 0
6184 0
11207 0
13629 0
13260 0
11223 0
5110 0
10670 0
7522 0
9389 0
5350 0
8995 0
9276 0
6923 0
7617 0
9206 0
6085 0
9009 0
6639 0
11048 0
18721 0
7881 0
10512 0
10180 0
11455 0
10424 0
7756 0
10209 0
10247 0
13028 0
6467 0
13577 0
8772 0
5947 0
10392 0
12984 0
11871 0
18366 0
11128 0
6683 0
5425 0
7992 0
13622 0
9282 0
12738 0
10369 0
12968 0
8496 0
10042 0
5697 0
13312 0
8428 0
9890 0
19193 0
18395 0
5466 0
9685 0
12166 0
10089 0
11716 0
10860 0
11632 0
13236 0
12581 0
19147 0
11799 0
11423 0
10472 0
8273 0
5488 0
5259 0
8053 0
11616 0
10224 0
11536 0
7949 0
12756 0
11866 0
7974 0
12331 0
10063 0
13489 0
9810 0
8765 0
5275 0
9504 0
7487 0
6625 0
8747 0
9461 0
10707 0
18439 0
9960 0
10695 0
19083 0
7176 0
8313 0
6126 0
6546 0
5438 0
6198 0
8592 0
12219 0
11290 0
11636 0
9196 0
8207 0
10277 0
7584 0
5966 0
8114 0
13671 0
11868 0
6006 0
6870 0
5209 0
13318 0
9387 0
9030 0
11715 0
5408 0
10023 0
18906 0
5980 0
12472 0
10938 0
11300 0
5480 0
6560 0
12930 0
6668 0
12496 0
5406 0
11507 0
5402 0
12651 0
11236 0
8502 0
9660 0
12131 0
12565 0
13496 0
5349 0
13546 0
6676 0
9773 0
12073 0
10857 0
6900 0
10143 0
8836 0
6101 0
11018 0
10988 0
7170 0
13382 0
11828 0
7714 0
7515 0
10217 0
12205 0
12986 0
10219 0
10236 0
9975 0
6442 0
5773 0
8337 0
5585 0
12000 0
12799 0
10432 0
10526 0
7616 0
7013 0
6589 0
13456 0
11473 0
13506 0
12346 0
9394 0
5366 0
6737 0
9522 0
10179 0
8414 0
5736 0
13250 0
10440 0
8478 0
6644 0
9632 0
10086 0
5605 0
8667 0
11235 0
5458 0
9269 0
9541 0
10982 0
18709 0
7649 0
8061 0
8851 0
11383 0
6966 0
13480 0
11084 0
6646 0
7607 0
10608 0
12181 0
12177 0
6003 0
10531 0
12801 0
13189 0
8554 0
8598 0
13036 0
9312 0
11358 0
7016 0
9896 0
13465 0
11136 0
6535 0
9254 0
5526 0
7499 0
5437 0
10480 0
7988 0
8287 0
9346 0
9512 0
7778 0
8499 0
6822 0
8698 0
12898 0
7939 0
13459 0
13463 0
11566 0
7887 0
6947 0
13106 0
11479 0
5572 0
9129 0
6649 0
9177 0
11114 0
12753 0
9948 0
7688 0
6798 0
12016 0
9920 0
6311 0
5726 0
6249 0
5662 0
7102 0
8626 0
7124 0
13607 0
8271 0
5306 0
5289 0
6963 0
11724 0
5772 0
10928 0
13447 0
7317 0
7185 0
11985 0
7073 0
5639 0
8140 0
6913 0
6700 0
11955 0
13232 0
8834 0
9814 0
7863 0
5637 0
8538 0
8109 0
9614 0
8677 0
8133 0
12720 0
13458 0
9968 0
6088 0
10612 0
8742 0
5547 0
10434 0
9657 0
12138 0
9036 0
10004 0
8431 0
8284 0
9208 0
12843 0
13570 0
9019 0
9010 0
13537 0
11016 0
10138 0
8996 0
7165 0
11182 0
12788 0
12866 0
9449 0
13495 0
12194 0
10999 0
9127 0
8175 0
12183 0
8094 0
12947 0
13544 0
6146 0
8112 0
9751 0
7050 0
11284 0
8654 0
6599 0
19025 0
7683 0
12068 0
7833 0
9126 0
8334 0
5447 0
5804 0
9562 0
11132 0
5126 0
7171 0
7801 0
10849 0
7183 0
6736 0
7166 0
11028 0
8297 0
9432 0
13406 0
9377 0
8650 0
12854 0
9571 0
5861 0
10573 0
12784 0
5387 0
9264 0
18916 0
11049 0
11206 0
9283 0
5940 0
6212 0
10315 0
11396 0
5990 0
9594 0
12356 0
5842 0
10087 0
10304 0
10249 0
6678 0
9041 0
7709 0
8946 0
6894 0
11776 0
12132 0
12955 0
6476 0
5268 0
13620 0
10552 0
10429 0
9550 0
11727 0
6274 0
10094 0
19136 0
9806 0
12594 0
11467 0
8333 0
10010 0
10699 0
5604 0
11388 0
9799 0
8101 0
12012 0
13304 0
11544 0
8850 0
11334 0
12505 0
5602 0
5520 0
8527 0
6468 0
7601 0
7774 0
11475 0
11070 0
12531 0
11494 0
6655 0
11558 0
10644 0
12079 0
7453 0
5328 0
9891 0
11378 0
6092 0
8396 0
6205 0
12015 0
9623 0
5273 0
7312 0
11438 0
7614 0
6276 0
8957 0
8974 0
12743 0
11697 0
8118 0
9040 0
12482 0
7626 0
9155 0
8432 0
8370 0
10035 0
7381 0
11153 0
6090 0
12676 0
9233 0
12342 0
10611 0
9813 0
10297 0
6005 0
7085 0
13353 0
8548 0
6265 0
13145 0
19120 0
5576 0
6105 0
9080 0
9189 0
6363 0
10986 0
12656 0
9730 0
8472 0
8545 0
11040 0
11208 0
6039 0
10112 0
9438 0
8848 0
6859 0
7202 0
10945 0
8002 0
11757 0
11248 0
7298 0
12333 0
5711 0
7466 0
6155 0
13176 0
13505 0
7021 0
13616 0
7888 0
6261 0
18724 0
7070 0
11264 0
12851 0
11107 0
12653 0
9140 0
9587 0
6475 0
6078 0
11371 0
8500 0
13508 0
7734 0
13151 0
10653 0
13516 0
10227 0
13522 0
7512 0
11277 0
7052 0
11275 0
7478 0
10281 0
11766 0
11359 0
12681 0
6974 0
10874 0
12186 0
9039 0
8785 0
8817 0
10265 0
6919 0
11723 0
12119 0
12931 0
9841 0
12805 0
7722 0
8566 0
13554 0
13225 0
8351 0
6018 0
13490 0
10968 0
8738 0
11022 0
9745 0
12934 0
6514 0
12352 0
12273 0
10121 0
19043 0
10992 0
10723 0
8392 0
6619 0
8776 0
9740 0
12128 0
8681 0
11204 0
10048 0
5656 0
8948 0
10166 0
7079 0
11992 0
6523 0
7481 0
10238 0
5780 0
13334 0
10418 0
12295 0
8797 0
8967 0
6471 0
8555 0
6430 0
13466 0
8890 0
13395 0
5894 0
8956 0
13067 0
10136 0
6880 0
8340 0
10436 0
10062 0
12041 0
11437 0
7765 0
11971 0
11617 0
13485 0
12037 0
12862 0
12173 0
18344 0
6158 0
9752 0
6961 0
11027 0
7788 0
10554 0
13543 0
7230 0
3383 0
5550 0
6803 0
10336 0
9980 0
10300 0
19027 0
8644 0
6063 0
13479 0
6020 0
10245 0
8092 0
11283 0
6251 0
9992 0
9772 0
9862 0
11185 0
13637 0
6654 0
10858 0
8291 0
13218 0
11554 0
6762 0
9916 0
11419 0
7106 0
7385 0
6073 0
11954 0
7728 0
13125 0
10662 0
6248 0
10873 0
13557 0
11510 0
11779 0
6404 0
223 0
12732 0
12376 0
12489 0
12269 0
12962 0
7647 0
6530 0
11555 0
9706 0
12687 0
8446 0
8067 0
7608 0
7671 0
6208 0
12123 0
13514 0
9500 0
7356 0
10351 0
10202 0
13449 0
10030 0
12737 0
12521 0
8845 0
13504 0
19042 0
9202 0
10701 0
12402 0
11373 0
8716 0
18757 0
7635 0
7662 0
10021 0
7067 0
8452 0
9826 0
11743 0
12982 0
13057 0
12921 0
18843 0
8736 0
10148 0
5650 0
11156 0
13576 0
13493 0
7764 0
7820 0
13239 0
9365 0
12137 0
9147 0
11220 0
11914 0
8326 0
8693 0
5145 0
8962 0
6702 0
5229 0
8136 0
8778 0
9937 0
10884 0
10478 0
7836 0
9599 0
10305 0
8687 0
7963 0
10240 0
10523 0
7786 0
10637 0
7934 0
8622 0
8132 0
5581 0
7392 0
12760 0
11249 0
9016 0
7416 0
9807 0
10364 0
11633 0
13497 0
9574 0
9580 0
11401 0
5706 0
6714 0
10547 0
12231 0
8520 0
5930 0
12860 0
8800 0
11718 0
204 0
13491 0
10419 0
7279 0
7039 0
5476 0
6278 0
13029 0
9575 0
10785 0
7604 0
11951 0
6635 0
18778 0
9789 0
9372 0
9062 0
9300 0
11894 0
8235 0
8618 0
6266 0
10794 0
6124 0
9912 0
13444 0
12781 0
13184 0
6300 0
7278 0
12633 0
13273 0
7996 0
11112 0
7718 0
6025 0
7719 0
11387 0
6045 0
11531 0
5740 0
10932 0
9531 0
18446 0
13188 0
13539 0
7380 0
11146 0
8630 0
7646 0
6013 0
11086 0
8686 0
13120 0
13464 0
12943 0
7504 0
9103 0
8206 0
12708 0
7160 0
10929 0
11175 0
10770 0
10207 0
9839 0
6977 0
12185 0
7701 0
6387 0
7424 0
8154 0
6217 0
9397 0
12384 0
10546 0
9469 0
5859 0
5560 0
7875 0
9376 0
8144 0
5790 0
18926 0
13041 0
12367 0
11734 0
6133 0
11025 0
7196 0
6097 0
11350 0
9978 0
8052 0
9454 0
12661 0
6389 0
9400 0
11169 0
10577 0
5428 0
12239 0
13022 0
10210 0
10832 0
5340 0
13549 0
13425 0
18839 0
9852 0
7580 0
8412 0
10049 0
10338 0
10972 0
9784 0
10051 0
11714 0
6479 0
13258 0
9824 0
9974 0
9570 0
9101 0
11394 0
18665 0
8456 0
5611 0
9963 0
18930 0
9907 0
11947 0
11445 0
6772 0
9303 0
19137 0
9970 0
10657 0
6382 0
7599 0
11563 0
13030 0
10147 0
8977 0
11561 0
6292 0
7971 0
10889 0
11693 0
7405 0
9787 0
6182 0
12608 0
10978 0
6863 0
9572 0
6418 0
8971 0
8143 0
5603 0
6320 0
12792 0
7403 0
12904 0
4962 0
4992 0
9952 0
11289 0
7285 0
8179 0
12886 0
10102 0
11078 0
10467 0
13170 0
4875 0
8672 0
5837 0
6193 0
11077 0
5834 0
9658 0
8231 0
7782 0
9142 0
6170 0
13271 0
8125 0
10275 0
5192 0
12253 0
10080 0
8266 0
11733 0
11096 0
6002 0
13492 0
7783 0
9011 0
7981 0
9805 0
7883 0
6930 0
11197 0
11811 0
8847 0
12850 0
12483 0
10228 0
13157 0
18772 0
11670 0
7103 0
5654 0
8436 0
12744 0
9675 0
19015 0
7015 0
8746 0
13111 0
11081 0
11457 0
9079 0
8953 0
6305 0
11844 0
13306 0
12280 0
6079 0
5903 0
10660 0
8190 0
7885 0
18693 0
9640 0
11719 0
13073 0
12973 0
13441 0
9491 0
13268 0
5348 0
13722 0
7509 0
9739 0
12371 0
12700 0
11135 0
12936 0
6349 0
9112 0
11093 0
6832 0
8440 0
11737 0
8240 0
18760 0
13388 0
5887 0
12121 0
6631 0
7861 0
13678 0
12670 0
8376 0
13436 0
5627 0
18735 0
6968 0
10267 0
5788 0
11829 0
8115 0
8795 0
9383 0
13472 0
9061 0
5967 0
12170 0
19077 0
9048 0
12953 0
9455 0
5490 0
7520 0
13515 0
5292 0
6211 0
5882 0
8816 0
12493 0
13440 0
8400 0
12612 0
8485 0
10084 0
10618 0
8825 0
7157 0
9703 0
7018 0
11669 0
10700 0
8920 0
12264 0
5482 0
11834 0
8696 0
6566 0
6106 0
7696 0
12673 0
12937 0
13542 0
6067 0
8753 0
5961 0
7742 0
10342 0
11410 0
6692 0
12887 0
8869 0
13190 0
9917 0
5500 0
11841 0
5920 0
11471 0
7476 0
11559 0
9035 0
12750 0
8949 0
9063 0
5998 0
13386 0
7609 0
18985 0
5302 0
5670 0
9785 0
11250 0
11999 0
10529 0
11511 0
6657 0
11805 0
19075 0
5754 0
9923 0
6344 0
5732 0
6877 0
8870 0
11807 0
7872 0
10974 0
7928 0
8697 0
13000 0
8065 0
6568 0
10146 0
12875 0
11949 0
7086 0
10476 0
7448 0
10066 0
11849 0
9679 0
12818 0
10965 0
12605 0
6055 0
6322 0
6037 0
9684 0
8407 0
5434 0
11103 0
11369 0
8660 0
9929 0
5617 0
12642 0
12401 0
6693 0
8899 0
8673 0
12859 0
11749 0
9349 0
7365 0
5870 0
8293 0
11879 0
7983 0
10918 0
10014 0
5503 0
7396 0
9809 0
9415 0
12958 0
5901 0
9782 0
13147 0
7374 0
12391 0
5927 0
11202 0
6429 0
13131 0
9313 0
12544 0
19218 0
13344 0
13460 0
13338 0
8734 0
9287 0
9384 0
12098 0
9783 0
5613 0
9420 0
11659 0
12057 0
12009 0
11073 0
10198 0
7213 0
11728 0
6044 0
9478 0
11885 0
8342 0
8264 0
9933 0
8497 0
10809 0
8121 0
12647 0
11451 0
18623 0
13470 0
12643 0
5549 0
18786 0
18714 0
7284 0
6250 0
6685 0
12091 0
10216 0
6225 0
8196 0
13606 0
8292 0
12963 0
13253 0
9099 0
10558 0
8467 0
10568 0
11892 0
10553 0
11295 0
13008 0
7652 0
6665 0
6375 0
7562 0
13153 0
13525 0
10380 0
12576 0
11618 0
7141 0
6463 0
13399 0
5751 0
9088 0
7081 0
5899 0
11343 0
6636 0
9433 0
8426 0
6329 0
7156 0
18447 0
6351 0
12340 0
13216 0
12311 0
5544 0
12140 0
8526 0
13179 0
5936 0
8079 0
6260 0
5194 0
9983 0
18901 0
6443 0
9430 0
9674 0
19195 0
9656 0
12294 0
8255 0
10769 0
7414 0
11432 0
8046 0
7941 0
6328 0
18462 0
12542 0
7606 0
18713 0
12324 0
10268 0
283 0
9024 0
12308 0
13471 0
10194 0
11139 0
6660 0
10562 0
11721 0
10601 0
13439 0
8080 0
9838 0
7630 0
11375 0
11184 0
9336 0
6412 0
9084 0
13199 0
18314 0
7438 0
7252 0
8972 0
10629 0
11199 0
7066 0
6984 0
6253 0
19005 0
12604 0
12534 0
6716 0
10498 0
13373 0
6104 0
7847 0
10885 0
8784 0
6282 0
12766 0
5660 0
18796 0
7447 0
9788 0
10222 0
8609 0
7770 0
9899 0
7909 0
9720 0
6264 0
12522 0
6321 0
9164 0
12408 0
10733 0
11404 0
6556 0
12833 0
6788 0
9576 0
8912 0
8923 0
7473 0
7551 0
18775 0
5112 0
11422 0
11447 0
8940 0
5318 0
18383 0
5981 0
11470 0
7216 0
10681 0
7749 0
9828 0
13533 0
7835 0
12624 0
13210 0
12680 0
7095 0
7694 0
10871 0
8702 0
7618 0
12528 0
5203 0
18886 0
6979 0
9194 0
9093 0
11341 0
10095 0
7218 0
6291 0
8366 0
9627 0
7248 0
18766 0
6489 0
11576 0
6010 0
9152 0
12147 0
5246 0
12726 0
10672 0
11420 0
13609 0
18989 0
10803 0
10158 0
12487 0
6233 0
11942 0
8222 0
11862 0
8562 0
7140 0
10403 0
9637 0
12772 0
13283 0
7026 0
8216 0
8679 0
8656 0
6622 0
13706 0
6352 0
6755 0
8575 0
7793 0
8158 0
18962 0
12545 0
12787 0
10072 0
13540 0
18987 0
10092 0
10739 0
13088 0
6138 0
11850 0
8752 0
9290 0
13280 0
13498 0
18861 0
9892 0
10755 0
10540 0
8975 0
7702 0
5564 0
7975 0
8476 0
11238 0
5785 0
9145 0
12268 0
12163 0
6548 0
9683 0
9490 0
7465 0
7429 0
10895 0
12842 0
10747 0
7030 0
5752 0
10872 0
9001 0
10339 0
10359 0
10915 0
13560 0
12372 0
9879 0
13368 0
6721 0
11098 0
9213 0
11458 0
10848 0
6888 0
8705 0
9885 0
13213 0
19140 0
7393 0
8006 0
5938 0
12691 0
10649 0
7159 0
10908 0
6529 0
5753 0
5810 0
18490 0
13124 0
7913 0
10405 0
10559 0
11863 0
12466 0
6031 0
7751 0
10394 0
11075 0
7680 0
5681 0
13081 0
13601 0
13393 0
9270 0
8105 0
7092 0
8462 0
10663 0
9761 0
10896 0
10521 0
12865 0
13414 0
7819 0
10768 0
9466 0
5522 0
9462 0
11393 0
18737 0
5792 0
11672 0
8301 0
9323 0
8685 0
11436 0
6252 0
11582 0
11209 0
7942 0
11174 0
12846 0
5487 0
8262 0
12996 0
12439 0
12980 0
12048 0
7314 0
6743 0
8713 0
11929 0
11945 0
6541 0
11913 0
6572 0
18578 0
9260 0
7097 0
11660 0
9519 0
10135 0
10435 0
8012 0
8350 0
10213 0
10132 0
13340 0
11858 0
11403 0
5939 0
8064 0
5000 0
9166 0
11725 0
5873 0
7595 0
12639 0
13206 0
12533 0
18807 0
7264 0
8030 0
9439 0
8174 0
203 0
7582 0
13370 0
9144 0
7795 0
6087 0
9619 0
8100 0
9669 0
6156 0
11732 0
11729 0
11996 0
7273 0
11468 0
11823 0
19028 0
9882 0
12103 0
9056 0
8541 0
12357 0
8149 0
10462 0
13032 0
9098 0
8604 0
8577 0
9355 0
8250 0
11640 0
8356 0
8268 0
6816 0
5746 0
8714 0
5702 0
10385 0
6965 0
13427 0
11738 0
10269 0
10713 0
7098 0
6026 0
18746 0
7225 0
5546 0
319 0
18710 0
18622 0
5794 0
10890 0
8165 0
10120 0
7054 0
10155 0
12250 0
6769 0
12335 0
9371 0
18733 0
6187 0
8770 0
7027 0
5625 0
7916 0
9382 0
10749 0
9524 0
10272 0
9533 0
12047 0
13083 0
8791 0
19121 0
19238 0
11279 0
13160 0
11851 0
12628 0
9742 0
5394 0
8131 0
11101 0
10398 0
7830 0
7150 0
9456 0
7059 0
8675 0
9667 0
11548 0
12592 0
13499 0
7648 0
9825 0
11812 0
5769 0
10585 0
7460 0
8040 0
12774 0
13379 0
7342 0
12339 0
7848 0
18864 0
10118 0
9798 0
10533 0
19079 0
10113 0
9526 0
6715 0
6661 0
12045 0
8355 0
9158 0
7967 0
11354 0
8294 0
9178 0
7495 0
7373 0
8332 0
6109 0
8544 0
6041 0
8856 0
8192 0
13342 0
6623 0
7361 0
7541 0
11848 0
10449 0
9967 0
13234 0
12136 0
8172 0
12621 0
12912 0
7554 0
6509 0
6749 0
7430 0
13003 0
11990 0
12932 0
10567 0
6022 0
13038 0
10457 0
13302 0
18728 0
11881 0
9636 0
13618 0
6390 0
11105 0
8095 0
11860 0
9060 0
12793 0
8516 0
10069 0
6596 0
5592 0
5619 0
12906 0
13523 0
13430 0
13323 0
6808 0
13477 0
10254 0
10511 0
9162 0
18748 0
10572 0
10335 0
9118 0
10617 0
9940 0
11967 0
5776 0
12949 0
8550 0
12053 0
6712 0
12203 0
12202 0
18774 0
6224 0
18408 0
10078 0
13409 0
13418 0
7726 0
10724 0
13419 0
13431 0
11534 0
5424 0
18716 0
10847 0
8619 0
6189 0
7407 0
8365 0
12977 0
10263 0
12603 0
7716 0
6949 0
8455 0
9932 0
8826 0
12446 0
11938 0
5514 0
18365 0
13377 0
9399 0
6539 0
10510 0
8571 0
8468 0
6381 0
11126 0
5738 0
5525 0
8880 0
6028 0
11907 0
7980 0
8331 0
10444 0
12214 0
8915 0
6727 0
7310 0
7242 0
13351 0
10984 0
5992 0
11091 0
5189 0
6818 0
7458 0
13246 0
11415 0
13595 0
6840 0
11335 0
6855 0
11959 0
13070 0
6047 0
6036 0
6455 0
9628 0
6361 0
7401 0
9725 0
10226 0
13476 0
8982 0
18749 0
8281 0
12618 0
9007 0
9508 0
7997 0
6537 0
7930 0
10732 0
13324 0
6978 0
9873 0
8603 0
5704 0
7127 0
6699 0
18367 0
11317 0
10689 0
7435 0
7235 0
5700 0
13509 0
13656 0
10502 0
7217 0
11254 0
18838 0
11492 0
11427 0
19056 0
8695 0
10007 0
12941 0
18598 0
18393 0
5986 0
11928 0
13012 0
7417 0
10651 0
5851 0
9358 0
6667 0
9133 0
5973 0
8980 0
9646 0
5287 0
11066 0
7093 0
7689 0
13584 0
5880 0
10643 0
6747 0
11003 0
12032 0
12849 0
10907 0
8041 0
8205 0
7378 0
12350 0
8457 0
7210 0
13401 0
10000 0
6318 0
7999 0
13383 0
9352 0
11972 0
6994 0
10024 0
8221 0
18694 0
7900 0
5675 0
12151 0
10597 0
6136 0
6584 0
11707 0
8926 0
8885 0
19088 0
9238 0
12252 0
7055 0
8798 0
8020 0
5974 0
5817 0
6796 0
11877 0
6343 0
6970 0
11594 0
7192 0
7525 0
9678 0
7643 0
13035 0
11133 0
5991 0
12773 0
11088 0
6461 0
12343 0
9261 0
12831 0
7049 0
12134 0
10623 0
11988 0
8787 0
13503 0
11406 0
6137 0
11127 0
9428 0
8591 0
5976 0
8372 0
11314 0
6711 0
11503 0
8037 0
18580 0
8229 0
10040 0
10127 0
8047 0
6557 0
7486 0
10683 0
7386 0
9413 0
9993 0
5507 0
9743 0
7684 0
12964 0
18795 0
6594 0
10646 0
7324 0
18717 0
5385 0
18929 0
5853 0
10840 0
6317 0
11965 0
10652 0
8380 0
6180 0
10255 0
7985 0
10630 0
8623 0
5948 0
7223 0
9911 0
11413 0
6574 0
10073 0
6340 0
13435 0
12323 0
13079 0
9687 0
5559 0
8664 0
9032 0
10508 0
11353 0
13166 0
11459 0
6428 0
8234 0
13023 0
6940 0
5916 0
19116 0
5341 0
8952 0
10332 0
6807 0
5631 0
9581 0
10704 0
5952 0
7917 0
13348 0
8289 0
6764 0
11116 0
6641 0
12575 0
5718 0
11151 0
9900 0
13104 0
18998 0
13186 0
11934 0
11023 0
13374 0
10828 0
9650 0
10609 0
12945 0
11557 0
6729 0
8418 0
19007 0
13215 0
12347 0
11597 0
13461 0
12451 0
9003 0
12880 0
7257 0
6679 0
18379 0
10455 0
8994 0
6268 0
6323 0
5586 0
8594 0
7855 0
12065 0
9431 0
9719 0
12727 0
12497 0
6394 0
7612 0
5982 0
11266 0
13214 0
9821 0
11428 0
12447 0
13148 0
18424 0
9037 0
10317 0
7152 0
5672 0
6680 0
11939 0
18860 0
11338 0
6331 0
6203 0
7461 0
7831 0
13010 0
5337 0
9445 0
6342 0
8560 0
9119 0
7402 0
12278 0
12160 0
6706 0
9172 0
9137 0
13327 0
9986 0
11571 0
5762 0
13547 0
5139 0
10116 0
13021 0
12942 0
9031 0
19234 0
9307 0
12693 0
19030 0
10370 0
13140 0
8828 0
5881 0
10292 0
11431 0
6066 0
8324 0
9395 0
9474 0
10312 0
5673 0
9555 0
9363 0
18820 0
18358 0
10883 0
10183 0
9716 0
6795 0
8213 0
6481 0
7234 0
18873 0
10487 0
12353 0
9368 0
6391 0
9246 0
13007 0
6433 0
5659 0
6904 0
12668 0
10107 0
9738 0
8661 0
11638 0
10362 0
12896 0
10682 0
18753 0
9639 0
11761 0
6434 0
13579 0
12876 0
5969 0
11364 0
19073 0
11788 0
7009 0
11159 0
11214 0
6910 0
9499 0
11803 0
5634 0
9210 0
10471 0
13467 0
7713 0
5636 0
5041 0
12011 0
12288 0
12823 0
13455 0
10726 0
8479 0
12329 0
19061 0
11057 0
8381 0
10013 0
10551 0
18794 0
8307 0
8506 0
8891 0
7877 0
12415 0
13519 0
12861 0
5651 0
6767 0
10721 0
13446 0
9527 0
8201 0
6397 0
8790 0
7452 0
10902 0
7139 0
12610 0
6395 0
9251 0
6879 0
5886 0
8751 0
9309 0
7128 0
8564 0
7925 0
9641 0
11221 0
5615 0
9135 0
8215 0
9958 0
9252 0
8230 0
12444 0
10056 0
12825 0
9842 0
12991 0
6356 0
6802 0
10561 0
18642 0
5845 0
12636 0
8841 0
11775 0
6197 0
10100 0
6770 0
13484 0
5472 0
13034 0
11695 0
8683 0
5696 0
7146 0
7705 0
8532 0
7253 0
12477 0
5955 0
5712 0
10360 0
8531 0
18730 0
8519 0
9191 0
6254 0
6151 0
13405 0
9915 0
18482 0
5918 0
10070 0
8792 0
8992 0
5647 0
6924 0
11956 0
12196 0
10810 0
6615 0
9354 0
12060 0
10615 0
10353 0
5111 0
5649 0
12525 0
7094 0
12158 0
8157 0
6439 0
18801 0
12258 0
10798 0
12671 0
7961 0
11549 0
8148 0
13520 0
5717 0
11347 0
13362 0
8296 0
7832 0
9924 0
5361 0
6564 0
10852 0
11920 0
12590 0
11932 0
5635 0
12470 0
10997 0
6015 0
13108 0
8390 0
8395 0
11452 0
5435 0
12248 0
7563 0
7843 0
12434 0
5423 0
10762 0
13217 0
8489 0
6809 0
11796 0
9304 0
7375 0
10262 0
10966 0
6357 0
11641 0
12030 0
10958 0
13082 0
7272 0
7133 0
18770 0
9603 0
13063 0
10093 0
6789 0
9677 0
12928 0
7517 0
8269 0
13155 0
5760 0
11498 0
6775 0
10365 0
10570 0
12261 0
7874 0
13196 0
6335 0
10493 0
10539 0
5989 0
7723 0
10386 0
8116 0
7956 0
8893 0
9427 0
8833 0
10190 0
11111 0
10485 0
10745 0
12243 0
12659 0
8303 0
8050 0
12560 0
6121 0
9979 0
7914 0
7838 0
18701 0
10914 0
9513 0
8448 0
7391 0
12971 0
12697 0
7001 0
10507 0
6082 0
10656 0
6487 0
5272 0
6720 0
12283 0
9097 0
10453 0
9028 0
8373 0
12452 0
12789 0
8013 0
10407 0
9727 0
9436 0
10331 0
10241 0
9266 0
10898 0
13361 0
9835 0
6228 0
5374 0
9071 0
4611 0
12251 0
18631 0
7566 0
10169 0
6687 0
10882 0
7249 0
11405 0
18664 0
5052 0
8393 0
5719 0
8486 0
5567 0
5530 0
11481 0
11509 0
12462 0
11222 0
11691 0
19016 0
13429 0
6110 0
10459 0
12029 0
18754 0
8513 0
11231 0
12903 0
12517 0
9149 0
9763 0
10950 0
19188 0
6016 0
8969 0
11191 0
8193 0
8651 0
10253 0
9451 0
7862 0
18477 0
8060 0
7116 0
12535 0
13423 0
18619 0
13052 0
6425 0
13175 0
8354 0
8737 0
18487 0
9259 0
6388 0
12588 0
11935 0
7423 0
5494 0
5468 0
11121 0
12954 0
10463 0
18639 0
7357 0
8360 0
11687 0
13400 0
9956 0
6917 0
10316 0
13086 0
5491 0
8108 0
8902 0
7645 0
13358 0
10880 0
12379 0
8107 0
8185 0
8178 0
8249 0
11903 0
7112 0
9370 0
9846 0
5271 0
4927 0
6270 0
7560 0
13708 0
9484 0
6698 0
7238 0
9981 0
7959 0
12703 0
6014 0
8279 0
5910 0
6765 0
13208 0
10836 0
7893 0
7154 0
11344 0
9851 0
18402 0
13193 0
13316 0
5506 0
5359 0
6663 0
12762 0
9467 0
5934 0
7359 0
12218 0
10022 0
6034 0
13541 0
18700 0
10097 0
9602 0
8471 0
12038 0
7505 0
9296 0
11712 0
6621 0
9803 0
5680 0
10176 0
5391 0
8616 0
12281 0
13090 0
8504 0
11773 0
12979 0
9435 0
7239 0
12454 0
6534 0
11019 0
12877 0
8480 0
10031 0
7197 0
18421 0
6944 0
5896 0
11957 0
12857 0
8159 0
5929 0
5795 0
8951 0
13096 0
6647 0
6616 0
10068 0
10752 0
7293 0
13230 0
6089 0
12370 0
8820 0
6653 0
5630 0
11656 0
7625 0
10412 0
12262 0
6524 0
8357 0
10719 0
11838 0
8875 0
7698 0
10230 0
9811 0
6501 0
6580 0
13279 0
11845 0
12569 0
7940 0
6220 0
6531 0
11654 0
6813 0
6307 0
10790 0
19013 0
8349 0
10184 0
12924 0
10039 0
12192 0
9946 0
12694 0
10333 0
18765 0
10431 0
12206 0
12180 0
12313 0
6070 0
10028 0
7729 0
8238 0
9895 0
7544 0
5620 0
12260 0
6611 0
9604 0
12289 0
7866 0
7301 0
10844 0
5783 0
11391 0
18392 0
5393 0
12698 0
8129 0
7142 0
9654 0
8586 0
6298 0
18380 0
6817 0
5856 0
18837 0
7233 0
18626 0
7426 0
12249 0
11665 0
11966 0
10134 0
6784 0
7869 0
8044 0
9429 0
12040 0
18858 0
5574 0
10839 0
6862 0
10122 0
7338 0
10766 0
7518 0
8635 0
12475 0
12579 0
10340 0
12190 0
10302 0
5822 0
11380 0
7597 0
12900 0
8559 0
10913 0
8763 0
12322 0
7184 0
6161 0
11189 0
11370 0
5539 0
18699 0
9693 0
10887 0
7803 0
7002 0
11480 0
10413 0
13511 0
6632 0
6651 0
7345 0
5703 0
13604 0
6424 0
13631 0
12314 0
8801 0
10550 0
19080 0
9982 0
9680 0
10811 0
11398 0
11824 0
11367 0
5446 0
8725 0
6935 0
13089 0
13341 0
12200 0
13066 0
9027 0
13403 0
5398 0
6724 0
8122 0
18811 0
12382 0
6890 0
11692 0
6791 0
6441 0
13285 0
18802 0
8024 0
18814 0
10863 0
12919 0
18857 0
8620 0
11940 0
7474 0
11545 0
11836 0
10231 0
11661 0
11574 0
13398 0
7347 0
11608 0
12359 0
6154 0
7740 0
12187 0
8507 0
10648 0
6122 0
7138 0
12564 0
18840 0
12734 0
7679 0
7540 0
8573 0
8919 0
7658 0
10941 0
12070 0
18368 0
8375 0
9175 0
10105 0
10034 0
12686 0
5222 0
6995 0
6903 0
8135 0
11627 0
12351 0
5492 0
13174 0
10815 0
10402 0
10943 0
7036 0
6992 0
9288 0
7335 0
18470 0
5616 0
12383 0
7336 0
10486 0
11377 0
9279 0
8860 0
11880 0
10123 0
6295 0
12733 0
9045 0
10633 0
11767 0
12094 0
10970 0
8608 0
8895 0
7802 0
12803 0
7245 0
7555 0
7672 0
7028 0
7169 0
7737 0
18785 0
12054 0
10717 0
11255 0
10939 0
18702 0
7530 0
10893 0
7282 0
8187 0
6214 0
10994 0
9339 0
6401 0
8537 0
6608 0
8170 0
12757 0
9240 0
10214 0
6196 0
8515 0
11181 0
9227 0
5857 0
5844 0
5411 0
13094 0
7332 0
9434 0
7492 0
9530 0
9418 0
18756 0
10669 0
5643 0
11637 0
7420 0
8150 0
12809 0
11483 0
5691 0
10427 0
6327 0
12022 0
9121 0
8059 0
8051 0
8689 0
9348 0
8755 0
6017 0
9425 0
13339 0
6178 0
8832 0
13163 0
7178 0
5768 0
9702 0
8014 0
8260 0
10257 0
6811 0
10685 0
7669 0
11667 0
13292 0
9113 0
8447 0
8758 0
7600 0
7108 0
12430 0
9314 0
8540 0
13133 0
8487 0
9506 0
7798 0
12515 0
13071 0
6054 0
5701 0
7350 0
8782 0
13357 0
6200 0
18644 0
19098 0
6369 0
12761 0
7382 0
7932 0
7594 0
11063 0
10426 0
7759 0
7267 0
13336 0
9102 0
13475 0
10756 0
18967 0
13462 0
11886 0
9994 0
9042 0
8427 0
13097 0
10750 0
6593 0
10948 0
8220 0
13550 0
6533 0
11487 0
11009 0
11653 0
13128 0
10536 0
8124 0
7841 0
13385 0
7254 0
7590 0
9601 0
6827 0
13100 0
9374 0
5505 0
11875 0
12210 0
10829 0
12506 0
11713 0
7627 0
10404 0
9334 0
13069 0
12007 0
6393 0
10518 0
6846 0
7506 0
8505 0
6374 0
8807 0
11651 0
10771 0
9618 0
18394 0
11363 0
11272 0
7784 0
8285 0
11313 0
13313 0
11217 0
8615 0
6399 0
7064 0
7441 0
6562 0
8138 0
6547 0
6289 0
9768 0
11232 0
18740 0
10256 0
9077 0
19019 0
8840 0
12751 0
5767 0
12863 0
11402 0
6867 0
11756 0
10044 0
10780 0
6306 0
10861 0
18739 0
18789 0
11286 0
6738 0
11668 0
12607 0
8348 0
7966 0
9229 0
7868 0
8793 0
12122 0
8316 0
8417 0
10264 0
10137 0
8999 0
9965 0
13594 0
9649 0
12044 0
12133 0
9347 0
5977 0
10016 0
8430 0
18412 0
10505 0
10610 0
9827 0
19196 0
12255 0
6942 0
13528 0
9141 0
18923 0
9488 0
9076 0
11969 0
8274 0
7878 0
10187 0
12085 0
8315 0
10820 0
7889 0
7297 0
12127 0
8034 0
18925 0
7114 0
9507 0
6552 0
8766 0
6330 0
18448 0
12918 0
10738 0
13343 0
9245 0
11593 0
12998 0
8032 0
11596 0
10001 0
10758 0
6899 0
9002 0
10423 0
5386 0
18806 0
10470 0
13434 0
11292 0
9487 0
9777 0
8330 0
5823 0
12663 0
6448 0
10126 0
11514 0
7008 0
11784 0
13107 0
8441 0
10998 0
12388 0
11904 0
9306 0
12256 0
7043 0
13305 0
6967 0
11321 0
5573 0
11342 0
12358 0
6149 0
6271 0
8830 0
8353 0
12631 0
12847 0
10527 0
10115 0
11814 0
9528 0
8944 0
8768 0
7295 0
9066 0
10781 0
18581 0
10389 0
12978 0
12266 0
6075 0
18784 0
5774 0
6688 0
7935 0
18956 0
5600 0
7598 0
6275 0
10712 0
7745 0
9078 0
11553 0
7865 0
12234 0
9866 0
5797 0
13350 0
9253 0
7109 0
18426 0
8978 0
10592 0
9849 0
7388 0
11323 0
9682 0
13558 0
13009 0
11326 0
6339 0
4648 0
10347 0
12159 0
10003 0
12420 0
12363 0
12548 0
8822 0
11306 0
5614 0
9791 0
10799 0
11485 0
18431 0
5584 0
6219 0
12072 0
9366 0
11085 0
7125 0
10323 0
12395 0
12583 0
9324 0
9075 0
9161 0
10150 0
13042 0
12520 0
7818 0
13396 0
7691 0
6610 0
5979 0
6464 0
7131 0
5849 0
6297 0
11529 0
18638 0
8325 0
18625 0
11392 0
7191 0
12502 0
12800 0
13453 0
9774 0
11696 0
11611 0
12511 0
11411 0
13569 0
5679 0
9976 0
6607 0
8744 0
8525 0
7695 0
7711 0
9511 0
10311 0
18915 0
10888 0
11461 0
13500 0
8042 0
7062 0
214 0
13328 0
6895 0
8077 0
12488 0
7741 0
12225 0
10195 0
11079 0
10174 0
8523 0
18346 0
12174 0
12704 0
11931 0
8645 0
11839 0
12574 0
11606 0
9055 0
10186 0
10711 0
13018 0
6350 0
8735 0
8542 0
6931 0
11609 0
6999 0
8295 0
11730 0
7586 0
6153 0
12844 0
7823 0
18343 0
6355 0
7174 0
5715 0
6804 0
8846 0
5876 0
10469 0
13567 0
11501 0
10767 0
5535 0
9611 0
12304 0
8835 0
8236 0
8815 0
6150 0
10891 0
5228 0
9847 0
12400 0
10285 0
12427 0
6758 0
10748 0
7334 0
9823 0
6595 0
8058 0
10969 0
7155 0
10053 0
5436 0
11984 0
9249 0
6571 0
5984 0
6771 0
9577 0
8090 0
10569 0
13317 0
8113 0
11345 0
8657 0
6470 0
6111 0
7006 0
11613 0
10341 0
12111 0
6081 0
13126 0
12494 0
13330 0
10288 0
12318 0
9117 0
6515 0
13375 0
9781 0
5926 0
12130 0
12086 0
7815 0
6569 0
7933 0
6513 0
6417 0
19071 0
12874 0
18793 0
11164 0
5524 0
13053 0
10616 0
7664 0
8111 0
13457 0
13298 0
12615 0
7631 0
9626 0
11269 0
13360 0
7533 0
6726 0
6237 0
6504 0
6980 0
7846 0
13031 0
18849 0
12501 0
7769 0
7895 0
13276 0
12938 0
8632 0
11703 0
9670 0
18991 0
6272 0
7005 0
9105 0
7187 0
6076 0
7051 0
13559 0
7744 0
12589 0
10639 0
6258 0
6675 0
13056 0
18478 0
13314 0
8512 0
6836 0
8688 0
9889 0
10694 0
5570 0
9881 0
7902 0
7720 0
10654 0
10598 0
5831 0
8767 0
7212 0
8640 0
8278 0
8775 0
8964 0
12315 0
8658 0
11686 0
12749 0
8197 0
7232 0
8341 0
13143 0
11453 0
6806 0
10318 0
6407 0
9114 0
13221 0
13309 0
10495 0
10377 0
12810 0
5519 0
13443 0
7181 0
9760 0
8680 0
8981 0
9492 0
9200 0
5541 0
7383 0
12731 0
9808 0
6478 0
11620 0
13002 0
6891 0
7134 0
5978 0
6745 0
7677 0
7508 0
6955 0
9008 0
8796 0
9258 0
12841 0
12724 0
6781 0
12828 0
8636 0
13256 0
8701 0
11564 0
11065 0
9109 0
10708 0
13580 0
6377 0
12892 0
18707 0
6849 0
9065 0
6752 0
7545 0
11774 0
13172 0
10667 0
11537 0
9909 0
12730 0
8883 0
6056 0
10220 0
10320 0
5352 0
6408 0
6843 0
10981 0
11731 0
5744 0
8950 0
6587 0
11572 0
5577 0
6858 0
12069 0
6492 0
11521 0
12910 0
9561 0
6346 0
13326 0
12484 0
7136 0
6901 0
7661 0
7650 0
6447 0
11120 0
12829 0
10925 0
6751 0
7390 0
12884 0
10824 0
10736 0
13055 0
10296 0
6437 0
8469 0
6383 0
5606 0
6902 0
9663 0
9582 0
9728 0
13415 0
5049 0
18381 0
9724 0
6633 0
11702 0
7641 0
10834 0
18848 0
18720 0
11570 0
12125 0
11843 0
11430 0
6618 0
7439 0
12209 0
12890 0
6445 0
13284 0
10693 0
11325 0
8367 0
11690 0
9973 0
9800 0
8177 0
5355 0
6983 0
13237 0
5563 0
6040 0
8914 0
11163 0
8054 0
18357 0
12469 0
13347 0
7721 0
5960 0
6474 0
8641 0
8437 0
7186 0
5923 0
12701 0
6012 0
10199 0
11689 0
10556 0
7954 0
13300 0
5828 0
9020 0
11987 0
6941 0
7462 0
5554 0
9832 0
8280 0
12985 0
5928 0
9417 0
10409 0
9165 0
10564 0
7480 0
13364 0
9248 0
12911 0
12709 0
9867 0
8761 0
11508 0
6627 0
10851 0
18816 0
8056 0
10458 0
7792 0
8780 0
10200 0
6642 0
18449 0
6084 0
13315 0
9134 0
11333 0
6951 0
12310 0
10027 0
11261 0
9726 0
10314 0
7622 0
18884 0
13257 0
11227 0
11663 0
13270 0
8889 0
5761 0
19156 0
11815 0
12398 0
13251 0
10946 0
8153 0
5676 0
13603 0
8015 0
6283 0
5793 0
6332 0
11302 0
11011 0
6273 0
7873 0
9949 0
6030 0
12951 0
8647 0
6179 0
9792 0
5575 0
8731 0
9351 0
10164 0
8304 0
9794 0
9204 0
7351 0
11842 0
7746 0
18500 0
6602 0
6499 0
13410 0
12634 0
10041 0
8553 0
9767 0
18624 0
10401 0
6284 0
10208 0
5441 0
12674 0
13581 0
10229 0
13162 0
7413 0
8001 0
18659 0
12754 0
6761 0
13281 0
11977 0
9642 0
11910 0
18779 0
6799 0
11242 0
10005 0
5485 0
10357 0
7445 0
7918 0
13308 0
7953 0
6814 0
10686 0
8312 0
9190 0
7260 0
9778 0
11192 0
12869 0
11872 0
10144 0
9648 0
9796 0
9704 0
10574 0
8275 0
8572 0
7946 0
7644 0
9297 0
10903 0
11852 0
6516 0
13488 0
5628 0
7911 0
7398 0
12518 0
11546 0
9690 0
11224 0
7943 0
10677 0
12718 0
11986 0
8717 0
12975 0
8362 0
7929 0
10746 0
7029 0
8511 0
9234 0
5068 0
10481 0
12155 0
11590 0
9906 0
6049 0
9605 0
6120 0
11902 0
6027 0
7527 0
5536 0
10170 0
7283 0
6946 0
8219 0
11379 0
6723 0
6009 0
11384 0
7352 0
8057 0
8530 0
5965 0
5727 0
5802 0
6713 0
12396 0
9201 0
10716 0
11662 0
9697 0
7377 0
9998 0
10052 0
9195 0
9005 0
18931 0
13432 0
7839 0
9180 0
9241 0
9316 0
6528 0
18355 0
10765 0
11052 0
12905 0
11857 0
8552 0
5413 0
5942 0
12286 0
7296 0
5848 0
9458 0
11963 0
11149 0
10778 0
9939 0
13426 0
8935 0
5440 0
18903 0
12423 0
10473 0
6366 0
9100 0
9021 0
10163 0
6874 0
10167 0
8387 0
13310 0
5791 0
10875 0
5824 0
18800 0
13371 0
8488 0
9441 0
11735 0
7568 0
9532 0
10119 0
9927 0
5484 0
9569 0
9171 0
6943 0
6171 0
7042 0
8062 0
9331 0
13095 0
10026 0
11680 0
10474 0
5593 0
8253 0
10082 0
8947 0
6928 0
11033 0
18362 0
18582 0
9543 0
7791 0
11036 0
19036 0
7091 0
9831 0
5528 0
9556 0
6280 0
13238 0
11768 0
5301 0
7993 0
7735 0
7168 0
11739 0
4902 0
6592 0
5608 0
6315 0
10248 0
18460 0
12532 0
10528 0
6932 0
8258 0
8421 0
11213 0
7488 0
12758 0
10165 0
9364 0
6294 0
12541 0
11488 0
10156 0
12664 0
11125 0
8323 0
6507 0
10065 0
12197 0
9989 0
9156 0
10976 0
8684 0
11038 0
13311 0
13331 0
8901 0
5833 0
9033 0
10673 0
11004 0
18450 0
7577 0
11034 0
6482 0
10408 0
10151 0
6821 0
6372 0
7708 0
9950 0
6337 0
11917 0
11253 0
9173 0
5677 0
10634 0
9661 0
10025 0
8612 0
7805 0
11104 0
9181 0
11144 0
12195 0
6640 0
12571 0
9914 0
6312 0
8076 0
12117 0
12933 0
8922 0
9255 0
9698 0
9275 0
9305 0
6255 0
11982 0
8706 0
8385 0
12845 0
5858 0
7180 0
6293 0
6414 0
6885 0
13378 0
7712 0
18990 0
19122 0
18887 0
6405 0
6744 0
7229 0
9870 0
9090 0
10410 0
7199 0
7243 0
11782 0
8881 0
8849 0
18744 0
12570 0
5724 0
5944 0
8958 0
7290 0
9779 0
10321 0
10517 0
7581 0
7333 0
8073 0
6614 0
9721 0
8027 0
12479 0
12558 0
9547 0
8569 0
8028 0
5044 0
9095 0
18593 0
10786 0
8200 0
7101 0
6613 0
10378 0
19155 0
11356 0
18788 0
10763 0
13420 0
5556 0
5409 0
6334 0
6521 0
6431 0
11759 0
6112 0
6590 0
9622 0
10356 0
7364 0
8166 0
8104 0
12265 0
9608 0
8711 0
5114 0
18804 0
12677 0
11366 0
10607 0
11816 0
3347 0
6419 0
7265 0
18758 0
11193 0
5963 0
11351 0
8694 0
5449 0
9765 0
6950 0
13510 0
5975 0
8730 0
18813 0
8583 0
18461 0
9018 0
18703 0
8970 0
18397 0
12529 0
8082 0
5789 0
13169 0
7790 0
6132 0
8674 0
9422 0
13059 0
18385 0
9756 0
13602 0
7449 0
12176 0
7323 0
12302 0
7497 0
9409 0
19186 0
9403 0
12244 0
9068 0
10513 0
12237 0
11115 0
9284 0
7857 0
13048 0
12062 0
10371 0
7309 0
7303 0
13072 0
9379 0
8377 0
7271 0
5816 0
13194 0
7521 0
18776 0
8451 0
6053 0
7038 0
7034 0
11532 0
11893 0
9874 0
11974 0
12436 0
10710 0
7936 0
12442 0
10142 0
7642 0
11390 0
9688 0
7789 0
10348 0
11878 0
13078 0
7158 0
12530 0
6555 0
12332 0
12509 0
6601 0
12999 0
6157 0
10504 0
10776 0
13366 0
12387 0
5516 0
6061 0
5633 0
5709 0
6508 0
8570 0
6643 0
7471 0
6703 0
12967 0
12699 0
7920 0
5517 0
11720 0
13159 0
9176 0
10433 0
11983 0
10382 0
9795 0
10841 0
13263 0
8909 0
12510 0
7410 0
12184 0
9717 0
5818 0
9148 0
10588 0
6697 1
19187 1
7690 1
7987 1
7814 1
11291 1
12926 1
10197 1
13141 1
6605 1
12561 1
12422 1
12161 1
19038 1
10956 1
9617 1
8182 1
7550 1
8103 1
10071 1
8929 1
11312 1
6386 1
19219 1
11482 1
18718 1
9910 1
7557 1
18957 1
5594 1
13291 1
12230 1
6841 1
12956 1
9471 1
11869 1
7809 1
10020 1
7048 1
5568 1
9770 1
10009 1
8194 1
7546 1
11595 1
6637 1
10381 1
11400 1
10439 1
5512 1
8415 1
10921 1
8339 1
12167 1
13016 1
8876 1
6000 1
10055 1
13204 1
9554 1
6181 1
7548 1
11699 1
7538 1
8248 1
9858 1
10260 1
10537 1
11634 1
9664 1
7613 1
11874 1
18722 1
6958 1
11287 1
6341 1
8147 1
18768 1
11308 1
10349 1
7306 1
9271 1
12741 1
7899 1
18773 1
13045 1
10909 1
12657 1
8422 1
9631 1
7219 1
5045 1
8035 1
5763 1
5236 1
18927 1
12814 1
9681 1
12404 1
9115 1
13532 1
6896 1
5689 1
6410 1
8314 1
12282 1
9662 1
8593 1
9856 1
8263 1
5115 1
8633 1
9128 1
5465 1
10793 1
5902 1
19154 1
9830 1
5830 1
8809 1
12675 1
18723 1
11543 1
7807 1
10658 1
12026 1
6493 1
6313 1
10308 1
12776 1
11029 1
9410 1
12051 1
7479 1
8624 1
5994 1
10846 1
11899 1
5671 1
8729 1
8576 1
6871 1
8760 1
11649 1
8300 1
7129 1
6865 1
11203 1
8606 1
7730 1
5864 1
7927 1
8093 1
5504 1
7228 1
12895 1
11583 1
19146 1
4475 1
10414 1
8494 1
5463 1
5467 1
10399 1
8239 1
8322 1
7151 1
11628 1
11076 1
13123 1
8546 1
9043 1
12334 1
11035 1
12076 1
18863 1
11372 1
7951 1
6937 1
7697 1
10006 1
19124 1
13296 1
9596 1
5183 1
12566 1
9733 1
6052 1
7755 1
11489 1
9731 1
9131 1
9419 1
10047 1
12213 1
12100 1
11130 1
7110 1
9995 1
18436 1
12212 1
13202 1
9634 1
5561 1
9332 1
8420 1
13303 1
7431 1
5871 1
10867 1
7256 1
8123 1
6469 1
11826 1
8176 1
9219 1
7724 1
12345 1
7915 1
10282 1
7593 1
8582 1
10784 1
11211 1
9579 1
13288 1
9074 1
11855 1
7897 1
8924 1
6247 1
6664 1
8226 1
18783 1
19148 1
7076 1
13295 1
6238 1
7121 1
9230 1
8907 1
6288 1
10387 1
10525 1
11212 1
11997 1
10075 1
9585 1
12637 1
12175 1
6689 1
8837 1
5836 1
12969 1
8160 1
8602 1
5496 1
8749 1
6630 1
5683 1
6072 1
8411 1
6763 1
6451 1
9568 1
11161 1
6046 1
12108 1
10641 1
11424 1
8732 1
12002 1
9919 1
13363 1
8759 1
7796 1
9184 1
9859 1
5241 1
8384 1
8459 1
11688 1
11219 1
8987 1
13205 1
8659 1
10995 1
6176 1
18437 1
12794 1
10329 1
12598 1
13264 1
12247 1
7384 1
19152 1
10396 1
9004 1
5664 1
5879 1
6267 1
7369 1
7886 1
10091 1
8491 1
12412 1
13474 1
13437 1
10145 1
6695 1
11002 1
8857 1
8245 1
6976 1
7096 1
11071 1
11337 1
7105 1
12679 1
7221 1
18486 1
7845 1
12672 1
12597 1
6740 1
7781 1
12437 1
8233 1
10881 1
12834 1
9633 1
11962 1
7986 1
11336 1
10869 1
10373 1
5915 1
8413 1
13129 1
13015 1
10830 1
5950 1
12179 1
13134 1
11644 1
12317 1
10483 1
11516 1
6096 1
5787 1
10108 1
11270 1
8128 1
13146 1
11172 1
7063 1
8699 1
9723 1
7491 1
12602 1
9837 1
7288 1
5122 1
8865 1
8690 1
11237 1
7634 1
11216 1
10647 1
8074 1
10363 1
7574 1
11446 1
6241 1
12552 1
11675 1
6892 1
8597 1
9106 1
9179 1
11095 1
6586 1
10343 1
11930 1
11142 1
8839 1
5985 1
12547 1
12864 1
8317 1
5827 1
7856 1
7592 1
12742 1
6939 1
8966 1
11102 1
10545 1
10050 1
9263 1
18641 1
7003 1
13262 1
11331 1
10325 1
11188 1
12927 1
10964 1
10622 1
5705 1
11026 1
8818 1
10578 1
8443 1
9844 1
8743 1
12513 1
13278 1
6296 1
10580 1
12710 1
8642 1
18818 1
8290 1
6169 1
8509 1
10509 1
9861 1
5745 1
10496 1
8146 1
6519 1
13231 1
12966 1
6819 1
12492 1
10384 1
6042 1
8985 1
13200 1
11460 1
8252 1
11950 1
18759 1
5895 1
10951 1
12267 1
11623 1
8638 1
7132 1
11946 1
11017 1
12553 1
11853 1
9243 1
8198 1
9966 1
9583 1
7853 1
5811 1
8917 1
8466 1
11047 1
8444 1
7804 1
12238 1
9159 1
10059 1
18792 1
5609 1
12554 1
18579 1
11332 1
9345 1
9613 1
8965 1
9157 1
11512 1
6484 1
8254 1
7362 1
12006 1
10804 1
7339 1
12878 1
18819 1
12922 1
18370 1
8003 1
8403 1
9022 1
18384 1
9644 1
7552 1
6575 1
5571 1
5874 1
12211 1
7821 1
12191 1
12198 1
7117 1
7700 1
18877 1
10482 1
11021 1
7621 1
6095 1
7667 1
18474 1
8878 1
5481 1
6269 1
13255 1
8611 1
8997 1
10201 1
5499 1
6201 1
10466 1
12830 1
10706 1
9437 1
6494 1
18475 1
6207 1
8102 1
9812 1
12378 1
11495 1
9503 1
13047 1
13703 1
11357 1
5735 1
8202 1
12797 1
5897 1
9153 1
10593 1
7496 1
13507 1
10789 1
12965 1
10899 1
12050 1
18767 1
6962 1
10490 1
11556 1
10953 1
8084 1
10583 1
10278 1
6080 1
5624 1
8745 1
7615 1
11585 1
7717 1
13102 1
10926 1
13180 1
5798 1
7224 1
10702 1
8788 1
6304 1
7571 1
11889 1
7982 1
10697 1
7144 1
18422 1
10492 1
11717 1
7639 1
5667 1
10543 1
8359 1
8892 1
7149 1
6279 1
9584 1
10500 1
18963 1
6916 1
7763 1
6915 1
10865 1
5569 1
12662 1
13482 1
6905 1
7080 1
12908 1
11504 1
11677 1
8018 1
7879 1
11882 1
10388 1
6889 1
7732 1
8628 1
13389 1
11187 1
11795 1
10428 1
13247 1
11619 1
6669 1
13222 1
13448 1
8665 1
10990 1
7596 1
9138 1
13207 1
11819 1
8843 1
11352 1
13591 1
7901 1
19034 1
5925 1
6536 1
8343 1
6638 1
13452 1
10110 1
12891 1
7147 1
9589 1
9398 1
10283 1
6573 1
5872 1
8913 1
6102 1
11090 1
13274 1
6242 1
11320 1
7715 1
10012 1
13275 1
6853 1
12523 1
6359 1
9170 1
7035 1
6645 1
5363 1
18986 1
9407 1
8669 1
8864 1
12856 1
6882 1
12390 1
9620 1
6686 1
8188 1
12838 1
12457 1
5725 1
12141 1
12473 1
10823 1
9971 1
5551 1
6659 1
13408 1
18913 1
6945 1
8585 1
7045 1
6878 1
9535 1
6782 1
7425 1
7454 1
8720 1
10243 1
11573 1
5878 1
13243 1
10280 1
10017 1
10801 1
13249 1
8066 1
11280 1
13380 1
11567 1
8045 1
12550 1
10603 1
13397 1
9815 1
12764 1
8127 1
10324 1
5954 1
9951 1
9595 1
10291 1
18600 1
6975 1
10576 1
6873 1
6378 1
18627 1
9294 1
13241 1
11658 1
8218 1
9319 1
8821 1
12024 1
9262 1
12435 1
9790 1
11386 1
10796 1
13209 1
7743 1
18841 1
6147 1
12948 1
7266 1
7122 1
12377 1
5755 1
12276 1
6969 1
6777 1
5597 1
8941 1
9193 1
12822 1
7528 1
8858 1
12018 1
11701 1
7400 1
18391 1
12124 1
11180 1
12033 1
10541 1
9714 1
12448 1
12820 1
6019 1
13248 1
12254 1
7663 1
12369 1
8708 1
11198 1
11586 1
8391 1
12330 1
11147 1
11097 1
8733 1
7477 1
5885 1
11752 1
5868 1
9025 1
8551 1
18601 1
5721 1
6402 1
6364 1
12418 1
11581 1
12855 1
6576 1
6708 1
10947 1
10276 1
7754 1
7472 1
8110 1
9987 1
7263 1
12066 1
12445 1
5588 1
10437 1
8888 1
8533 1
12665 1
8461 1
7945 1
6872 1
11565 1
9220 1
12807 1
10816 1
7567 1
12216 1
7143 1
10742 1
5457 1
10975 1
10008 1
12028 1
6725 1
8718 1
12690 1
10205 1
12557 1
6091 1
7685 1
6427 1
9139 1
10211 1
7247 1
9067 1
12654 1
6989 1
5995 1
10955 1
9722 1
9163 1
7031 1
13573 1
10538 1
10933 1
6060 1
8224 1
5531 1
9905 1
10372 1
5265 1
10549 1
13212 1
13349 1
9990 1
10987 1
5666 1
9953 1
11195 1
7179 1
5815 1
11600 1
13538 1
13136 1
9748 1
11257 1
18509 1
18430 1
9544 1
13321 1
8601 1
7678 1
12285 1
6550 1
8256 1
18489 1
7766 1
7573 1
8401 1
6148 1
6497 1
5782 1
13139 1
7275 1
7130 1
5777 1
13027 1
6259 1
10479 1
11876 1
10250 1
8811 1
9111 1
5477 1
6912 1
5959 1
10586 1
12881 1
11754 1
8022 1
6754 1
10203 1
9985 1
11425 1
6281 1
11873 1
6835 1
11061 1
7060 1
9244 1
10461 1
12769 1
6982 1
12067 1
10346 1
11474 1
12101 1
12707 1
7968 1
7851 1
12055 1
6465 1
11054 1
5747 1
12952 1
13451 1
7785 1
9686 1
13299 1
13187 1
12585 1
13142 1
7575 1
6368 1
12081 1
9493 1
13050 1
10542 1
8434 1
5924 1
12722 1
6522 1
11577 1
11747 1
6131 1
10468 1
11177 1
13135 1
12499 1
12990 1
11981 1
10759 1
12403 1
5771 1
11113 1
10777 1
5407 1
9884 1
5655 1
10182 1
11820 1
12745 1
6929 1
8442 1
7660 1
9945 1
7459 1
8911 1
8386 1
5888 1
7674 1
18414 1
18747 1
5690 1
5846 1
10534 1
13345 1
18755 1
7957 1
6093 1
11740 1
7532 1
5917 1
11742 1
6604 1
9551 1
11769 1
9265 1
8017 1
11525 1
12929 1
7502 1
9465 1
11155 1
18867 1
12950 1
9655 1
8631 1
6347 1
9235 1
18769 1
10251 1
19139 1
8806 1
13534 1
7623 1
18725 1
9350 1
7620 1
5972 1
10337 1
7938 1
12619 1
13486 1
18453 1
9390 1
5330 1
9174 1
12556 1
7148 1
12336 1
7077 1
10334 1
11854 1
12983 1
297 1
8039 1
10149 1
10252 1
5854 1
5808 1
7858 1
11056 1
11916 1
13266 1
6145 1
10411 1
7161 1
18488 1
6617 1
8439 1
6869 1
7409 1
6392 1
18782 1
11414 1
12791 1
12013 1
5583 1
9444 1
10310 1
11412 1
5890 1
9064 1
10160 1
9771 1
5590 1
7813 1
8398 1
8804 1
10727 1
6906 1
12362 1
8649 1
7670 1
10754 1
8503 1
7483 1
13402 1
5444 1
8232 1
12711 1
10886 1
11201 1
13320 1
8789 1
8475 1
7107 1
18621 1
7556 1
10961 1
11813 1
11464 1
8928 1
13367 1
11421 1
7636 1
13354 1
9898 1
7203 1
12826 1
19026 1
7923 1
8715 1
10162 1
5669 1
10627 1
12995 1
8189 1
13244 1
18471 1
6246 1
9094 1
7739 1
6920 1
12476 1
10193 1
11037 1
11268 1
18799 1
6119 1
5812 1
7240 1
11736 1
9299 1
12539 1
12456 1
9495 1
9446 1
10111 1
6850 1
5921 1
10242 1
13075 1
7286 1
18494 1
18741 1
6068 1
18704 1
7681 1
5509 1
11024 1
9457 1
18727 1
5534 1
18667 1
13110 1
12606 1
11833 1
8838 1
8754 1
19150 1
5826 1
19182 1
11100 1
6570 1
12406 1
5317 1
12721 1
11674 1
11225 1
11631 1
6139 1
6190 1
11840 1
10645 1
11523 1
12897 1
6050 1
6483 1
9666 1
9108 1
9052 1
6290 1
10555 1
9116 1
9226 1
12148 1
11961 1
8910 1
11496 1
13329 1
13269 1
8781 1
8794 1
8877 1
8209 1
10237 1
6857 1
11362 1
6498 1
9549 1
10152 1
7305 1
18854 1
12626 1
8310 1
12275 1
7588 1
13201 1
11382 1
10548 1
6852 1
8016 1
10188 1
7353 1
6021 1
7654 1
12935 1
11307 1
12798 1
9501 1
6911 1
12882 1
9150 1
12736 1
11765 1
8991 1
8181 1
9516 1
9734 1
6062 1
9736 1
10632 1
10185 1
7964 1
18808 1
12752 1
7366 1
10515 1
18922 1
12555 1
8096 1
9187 1
8173 1
9833 1
8048 1
6733 1
6526 1
11173 1
12894 1
6990 1
8779 1
13058 1
7576 1
6662 1
9448 1
12106 1
5869 1
8968 1
9343 1
8311 1
11908 1
8739 1
12354 1
7189 1
6140 1
18853 1
12019 1
9977 1
11311 1
8019 1
12071 1
18663 1
9538 1
8145 1
8288 1
8464 1
6174 1
10910 1
12806 1
13061 1
8352 1
7427 1
12394 1
9922 1
11666 1
6565 1
6805 1
12392 1
9217 1
5215 1
7087 1
8882 1
6787 1
13252 1
18803 1
13438 1
5801 1
13091 1
5379 1
8169 1
11979 1
12440 1
8528 1
10782 1
11072 1
8010 1
8930 1
12405 1
8361 1
10446 1
8302 1
13407 1
18476 1
11000 1
13161 1
12746 1
13223 1
11138 1
13384 1
11443 1
10636 1
7300 1
7585 1
18729 1
18743 1
5891 1
8783 1
12715 1
5682 1
9378 1
7844 1
11060 1
5941 1
6986 1
9902 1
6864 1
8363 1
11015 1
7825 1
12960 1
7991 1
6520 1
9548 1
12399 1
6957 1
9047 1
9186 1
10456 1
12005 1
7824 1
13450 1
10157 1
11610 1
5911 1
9868 1
11652 1
9023 1
8900 1
12616 1
11055 1
18736 1
12082 1
7973 1
6884 1
6998 1
11310 1
6705 1
9494 1
9848 1
11123 1
8894 1
8068 1
7619 1
11365 1
6210 1
6168 1
8134 1
6128 1
7241 1
12768 1
6779 1
12716 1
7331 1
6856 1
9051 1
19144 1
13195 1
9710 1
8087 1
10825 1
12683 1
10920 1
6452 1
7444 1
12888 1
10298 1
11376 1
5806 1
9453 1
4474 1
11770 1
10897 1
9546 1
8081 1
7307 1
10791 1
13325 1
5875 1
8802 1
6165 1
8328 1
13054 1
9026 1
18666 1
12328 1
8861 1
7287 1
9073 1
10691 1
12150 1
13417 1
9699 1
12325 1
5968 1
10494 1
5538 1
7436 1
8925 1
13004 1
13017 1
8666 1
7024 1
12172 1
6759 1
5668 1
8454 1
7437 1
9676 1
7320 1
11012 1
5640 1
6166 1
5922 1
6732 1
9928 1
7358 1
18751 1
5626 1
10640 1
11426 1
10684 1
13092 1
9440 1
8007 1
9151 1
12236 1
10760 1
12144 1
9132 1
5653 1
6921 1
7371 1
12309 1
11827 1
12692 1
11434 1
7725 1
6403 1
9510 1
5710 1
10722 1
7579 1
11200 1
18635 1
8691 1
9517 1
8008 1
13116 1
12546 1
5893 1
5304 1
13158 1
13394 1
8298 1
7017 1
11550 1
11912 1
9715 1
13020 1
6741 1
11260 1
18855 1
6833 1
6345 1
13037 1
9447 1
18859 1
18363 1
7443 1
6500 1
11256 1
5442 1
6701 1
10696 1
9038 1
9801 1
11449 1
9869 1
7470 1
10133 1
11276 1
10218 1
8086 1
6876 1
9242 1
9817 1
5764 1
12441 1
10352 1
13297 1
7989 1
11527 1
6588 1
18805 1
5805 1
11867 1
7349 1
8510 1
7434 1
11348 1
11134 1
7611 1
12031 1
9096 1
18515 1
6628 1
11050 1
13044 1
7068 1
9935 1
6768 1
8567 1
6458 1
5838 1
11591 1
7771 1
7163 1
11551 1
7177 1
13191 1
11031 1
11493 1
10714 1
12223 1
8164 1
5852 1
6354 1
11887 1
12375 1
9612 1
11183 1
12245 1
12290 1
10698 1
12105 1
18698 1
19221 1
10631 1
18862 1
18458 1
9766 1
6567 1
7053 1
8973 1
11825 1
13229 1
9442 1
7624 1
6127 1
9423 1
8819 1
9110 1
11298 1
12660 1
7776 1
7318 1
10991 1
7738 1
12632 1
9629 1
9498 1
8960 1
7089 1
11339 1
9875 1
13224 1
10083 1
7011 1
10379 1
9938 1
10290 1
9298 1
12465 1
13228 1
6236 1
11681 1
10959 1
11500 1
13319 1
6938 1
5368 1
5565 1
12312 1
7534 1
9843 1
8429 1
11915 1
10792 1
9228 1
6793 1
8668 1
12201 1
7040 1
10303 1
8070 1
10514 1
5905 1
11994 1
5658 1
7687 1
12923 1
7924 1
8346 1
12080 1
7498 1
11891 1
10996 1
6263 1
12414 1
7044 1
7553 1
7463 1
10417 1
13130 1
12228 1
10905 1
9696 1
8078 1
12486 1
19138 1
11598 1
5884 1
8119 1
12596 1
8662 1
8896 1
6396 1
7537 1
11645 1
10106 1
6202 1
5898 1
8259 1
7372 1
5800 1
8599 1
18791 1
11282 1
7294 1
6032 1
13235 1
12916 1
12899 1
7513 1
18787 1
9552 1
9327 1
10680 1
8141 1
11324 1
11196 1
10818 1
11911 1
11243 1
10499 1
10345 1
7876 1
12056 1
6694 1
7259 1
11901 1
7704 1
9369 1
18847 1
11953 1
11059 1
11684 1
7979 1
8682 1
7494 1
12650 1
7890 1
10266 1
11007 1
18594 1
18507 1
9624 1
11817 1
7758 1
11178 1
13198 1
11530 1
9786 1
11319 1
8588 1
9769 1
13337 1
9746 1
6231 1
8243 1
11263 1
9059 1
5501 1
9486 1
13307 1
6666 1
9225 1
7752 1
11099 1
7870 1
13074 1
5553 1
11643 1
13077 1
7280 1
12052 1
6099 1
7810 1
10678 1
7167 1
5699 1
12540 1
6163 1
10454 1
10259 1
11722 1
10595 1
8155 1
8831 1
8382 1
9621 1
8408 1
10983 1
12074 1
10590 1
12010 1
7514 1
9496 1
9913 1
7412 1
6462 1
11154 1
9256 1
9904 1
11883 1
8722 1
7404 1
8242 1
13219 1
11539 1
6672 1
12385 1
6766 1
11141 1
6704 1
6285 1
13333 1
9091 1
12780 1
12909 1
10833 1
8168 1
6577 1
6277 1
9984 1
10079 1
8151 1
10204 1
11837 1
10734 1
8477 1
11772 1
7153 1
12519 1
10488 1
10614 1
5956 1
9707 1
7368 1
8320 1
11639 1
5360 1
6829 1
5685 1
11456 1
13322 1
6739 1
9360 1
12852 1
8120 1
9757 1
6578 1
11647 1
6988 1
9072 1
11122 1
10140 1
11273 1
8600 1
6554 1
8712 1
12835 1
6416 1
9701 1
11108 1
7570 1
11998 1
12782 1
9936 1
11808 1
12043 1
11552 1
7561 1
12001 1
6842 1
7638 1
5454 1
8563 1
13114 1
12893 1
7422 1
11896 1
9652 1
6681 1
18466 1
9146 1
8286 1
5378 1
12584 1
9857 1
12224 1
9540 1
8211 1
10124 1
8378 1
5904 1
9205 1
11751 1
10602 1
6370 1
9320 1
7519 1
18632 1
11042 1
6491 1
7111 1
10650 1
13197 1
10922 1
13019 1
9943 1
9388 1
8072 1
12232 1
19183 1
6373 1
7760 1
13413 1
6162 1
12413 1
10295 1
8584 1
9085 1
10067 1
9373 1
7428 1
11517 1
6107 1
6029 1
6325 1
10271 1
18697 1
6123 1
8419 1
18369 1
9473 1
13039 1
6083 1
8171 1
6118 1
12816 1
13156 1
18382 1
9647 1
9198 1
12783 1
8184 1
5513 1
11472 1
8887 1
5784 1
13062 1
7208 1
8126 1
11502 1
6718 1
7442 1
8460 1
8071 1
10866 1
9822 1
8799 1
12689 1
10497 1
12366 1
9744 1
8942 1
7395 1
9357 1
13272 1
12946 1
6376 1
6480 1
7261 1
11318 1
7840 1
12417 1
11705 1
5786 1
9880 1
12889 1
9592 1
11143 1
9169 1
8671 1
13259 1
7854 1
7767 1
12868 1
5770 1
11454 1
5417 1
9749 1
9337 1
6776 1
7025 1
10581 1
12364 1
19141 1
13005 1
9780 1
5255 1
12034 1
13290 1
13183 1
12578 1
9479 1
13621 1
8954 1
12735 1
11381 1
6753 1
10859 1
5964 1
11682 1
6204 1
6742 1
12188 1
7827 1
13265 1
7440 1
10814 1
12468 1
8501 1
6358 1
5579 1
11524 1
11568 1
10761 1
9224 1
11706 1
11787 1
6883 1
9188 1
11625 1
6603 1
8208 1
18711 1
9764 1
18455 1
8853 1
10737 1
11542 1
11941 1
12620 1
11926 1
11711 1
9925 1
8627 1
12902 1
7255 1
6422 1
9692 1
7387 1
5545 1
9464 1
12622 1
8852 1
6898 1
5552 1
6735 1
12259 1
12536 1
18695 1
12808 1
12241 1
12504 1
11013 1
8979 1
7826 1
13099 1
5951 1
6230 1
6527 1
12635 1
9231 1
10751 1
5765 1
10273 1
18696 1
6626 1
10862 1
7772 1
12416 1
10139 1
10668 1
6222 1
12940 1
7898 1
13387 1
9520 1
8934 1
10018 1
7137 1
10171 1
6444 1
8247 1
11230 1
12600 1
11293 1
13412 1
7182 1
5657 1
12871 1
6038 1
13014 1
8142 1
12723 1
6731 1
7950 1
10154 1
9671 1
13182 1
7605 1
11804 1
6696 1
5723 1
10344 1
7906 1
7188 1
11297 1
6423 1
12020 1
9361 1
6734 1
13118 1
11462 1
11905 1
13346 1
13548 1
10400 1
9353 1
13113 1
11039 1
18726 1
4790 1
7822 1
9321 1
11778 1
7056 1
5708 1
12168 1
9578 1
19119 1
7047 1
5935 1
6071 1
9590 1
11700 1
10391 1
12609 1
6466 1
9386 1
11274 1
6612 1
8483 1
9143 1
11809 1
9729 1
11704 1
6472 1
12118 1
6398 1
6130 1
12458 1
6409 1
7816 1
11993 1
12240 1
10415 1
9338 1
9947 1
9367 1
10376 1
6488 1
11856 1
7666 1
8508 1
12233 1
9804 1
8932 1
7761 1
8484 1
8199 1
9485 1
11399 1
10795 1
12449 1
8614 1
13192 1
8652 1
8423 1
9926 1
6952 1
10299 1
8162 1
12116 1
5412 1
10591 1
8595 1
5743 1
10033 1
7699 1
11528 1
6115 1
12135 1
13227 1
9955 1
9754 1
6634 1
6473 1
6365 1
11952 1
13356 1
6454 1
7828 1
13261 1
9209 1
9402 1
12319 1
8265 1
8637 1
9573 1
5589 1
8986 1
8565 1
6303 1
9272 1
9505 1
9718 1
7811 1
6301 1
10279 1
7291 1
8038 1
11305 1
12646 1
11020 1
9659 1
9758 1
8005 1
9122 1
7315 1
11417 1
5971 1
18409 1
5382 1
7083 1
12059 1
8225 1
12827 1
11790 1
12193 1
10098 1
12221 1
12685 1
13267 1
8769 1
6059 1
12036 1
12959 1
11936 1
13473 1
12839 1
11764 1
6826 1
5652 1
12348 1
6757 1
8183 1
6997 1
10594 1
8358 1
8465 1
8993 1
13119 1
7867 1
18868 1
9645 1
5728 1
12025 1
7503 1
11258 1
6103 1
5931 1
6192 1
8771 1
10715 1
11239 1
18434 1
8723 1
10172 1
6648 1
9903 1
7084 1
6449 1
11497 1
11584 1
6206 1
10289 1
7860 1
7389 1
13132 1
10322 1
12419 1
12728 1
8321 1
6114 1
8336 1
5733 1
9412 1
7610 1
9330 1
12925 1
6563 1
7145 1
5713 1
7346 1
8897 1
10944 1
6490 1
12235 1
7468 1
10128 1
7753 1
9221 1
13043 1
10159 1
8482 1
5687 1
11678 1
18809 1
9708 1
9668 1
12297 1
7432 1
13112 1
8335 1
7304 1
18640 1
5937 1
18835 1
8904 1
10085 1
5731 1
11330 1
8397 1
5661 1
6887 1
12407 1
7842 1
10912 1
10327 1
10783 1
18856 1
6338 1
10808 1
6074 1
5587 1
7944 1
11094 1
12779 1
12811 1
8055 1
5999 1
11626 1
6503 1
9380 1
12630 1
7193 1
8976 1
11763 1
6746 1
10284 1
10805 1
18599 1
8908 1
7747 1
8610 1
10923 1
13080 1
9776 1
18745 1
12795 1
7686 1
12577 1
6460 1
6786 1
11186 1
11448 1
13138 1
12591 1
9853 1
10103 1
9864 1
19194 1
8217 1
8824 1
5933 1
6936 1
18732 1
11463 1
10366 1
5527 1
4986 1
12824 1
9375 1
12257 1
9638 1
5909 1
10358 1
13171 1
13254 1
11612 1
10773 1
8522 1
10560 1
6502 1
10960 1
10625 1
12450 1
7736 1
8498 1
6624 1
12667 1
9525 1
9302 1
7344 1
7004 1
11165 1
7779 1
11465 1
8596 1
9392 1
7406 1
9741 1
11648 1
9845 1
8075 1
8309 1
11846 1
8663 1
10355 1
7231 1
8814 1
10114 1
11092 1
8854 1
7262 1
6792 1
8810 1
8709 1
8579 1
12601 1
13289 1
7531 1
9416 1
9606 1
8049 1
10579 1
12705 1
7484 1
10788 1
11664 1
7969 1
6505 1
6629 1
10800 1
7526 1
5847 1
12993 1
11973 1
11621 1
9695 1
12112 1
7214 1
12327 1
12292 1
8786 1
8369 1
12084 1
10911 1
18731 1
6426 1
9534 1
10692 1
10045 1
7490 1
9816 1
5819 1
9393 1
6518 1
8961 1
12337 1
8379 1
5548 1
7330 1
10215 1
12551 1
5629 1
7014 1
7078 1
7204 1
10687 1
9267 1
8492 1
5445 1
7451 1
10223 1
9414 1
6310 1
7905 1
5962 1
7376 1
8872 1
8152 1
8871 1
8130 1
12178 1
18485 1
10985 1
12474 1
10624 1
8655 1
10620 1
11762 1
11118 1
9424 1
11395 1
9211 1
11629 1
12208 1
10949 1
8021 1
9893 1
7065 1
7489 1
6834 1
5558 1
12115 1
10261 1
6926 1
6780 1
12120 1
18456 1
12729 1
10936 1
6709 1
10491 1
7485 1
12586 1
13220 1
11579 1
8495 1
7397 1
5381 1
6023 1
13589 1
5912 1
12503 1
12424 1
13006 1
9223 1
6048 1
9310 1
19053 1
9802 1
7020 1
9411 1
13501 1
7327 1
9167 1
9015 1
9615 1
9964 1
5832 1
7892 1
7912 1
12785 1
12316 1
10326 1
13051 1
6098 1
10600 1
6553 1
7995 1
5996 1
4545 1
6918 1
8931 1
12490 1
12246 1
5835 1
18836 1
6810 1
9291 1
12298 1
8299 1
10854 1
13046 1
10587 1
9700 1
5722 1
11148 1
9775 1
6797 1
18874 1
5742 1
6362 1
9460 1
8704 1
10879 1
5508 1
10274 1
12089 1
7962 1
10450 1
18396 1
10506 1
10125 1
6922 1
11171 1
18964 1
6717 1
9301 1
9236 1
9192 1
9944 1
7206 1
10046 1
11043 1
8898 1
6585 1
9318 1
11046 1
8955 1
12641 1
12139 1
8764 1
6559 1
10544 1
7032 1
9876 1
10821 1
11540 1
7849 1
8990 1
12344 1
6172 1
12113 1
11605 1
6583 1
8719 1
5741 1
11864 1
11281 1
5958 1
18356 1
10977 1
10864 1
6730 1
11783 1
6188 1
11477 1
12840 1
8605 1
11450 1
8536 1
11117 1
11067 1
9292 1
12507 1
11518 1
7655 1
11753 1
13085 1
12301 1
10161 1
5644 1
11781 1
7120 1
7569 1
12537 1
5533 1
11822 1
18872 1
8726 1
12713 1
7731 1
7948 1
12321 1
9154 1
13093 1
6690 1
5850 1
5665 1
10827 1
12338 1
9069 1
6838 1
11435 1
9342 1
12409 1
5946 1
5621 1
12021 1
6543 1
12559 1
11053 1
7998 1
12361 1
9185 1
11315 1
5623 1
8703 1
5987 1
11657 1
9883 1
12169 1
10772 1
11346 1
10690 1
5739 1
7976 1
13122 1
7937 1
9214 1
10728 1
12277 1
6035 1
18899 1
6129 1
5734 1
9222 1
6435 1
9328 1
7965 1
7675 1
11968 1
8517 1
10831 1
6245 1
10730 1
6406 1
9463 1
12527 1
6058 1
13404 1
18469 1
6558 1
11014 1
12093 1
7852 1
10802 1
8842 1
5779 1
11679 1
5813 1
8026 1
5867 1
7274 1
12786 1
12014 1
10709 1
8937 1
11927 1
12341 1
12207 1
6756 1
8741 1
5399 1
7931 1
8757 1
11374 1
7806 1
11041 1
7088 1
10060 1
12644 1
10868 1
11587 1
12393 1
5580 1
9104 1
6934 1
7227 1
6367 1
6117 1
11466 1
9472 1
12162 1
5622 1
12355 1
10516 1
10354 1
18790 1
11271 1
8089 1
11818 1
12567 1
10153 1
9545 1
5757 1
18637 1
11296 1
9070 1
6893 1
12226 1
12042 1
5766 1
10196 1
7665 1
8117 1
7311 1
8139 1
10420 1
7800 1
12374 1
6907 1
8031 1
9250 1
6579 1
5383 1
12873 1
10917 1
18781 1
13127 1
5244 1
8629 1
11601 1
11890 1
8364 1
11562 1
9480 1
5532 1
12443 1
5542 1
7524 1
12813 1
8453 1
9207 1
10212 1
8613 1
12389 1
11615 1
12229 1
10258 1
9991 1
12165 1
10679 1
5511 1
12027 1
5377 1
7308 1
5479 1
9689 1
7542 1
7316 1
10061 1
7703 1
10081 1
12765 1
7977 1
8988 1
6113 1
6235 1
11245 1
9450 1
13165 1
11758 1
12957 1
6004 1
12627 1
13152 1
12755 1
9515 1
8203 1
7041 1
5471 1
8844 1
10876 1
6495 1
7226 1
10741 1
6658 1
8327 1
8590 1
9293 1
5843 1
9514 1
12747 1
12623 1
11397 1
13287 1
6839 1
12767 1
11244 1
7628 1
18812 1
9829 1
11058 1
5429 1
12617 1
8855 1
7984 1
11622 1
11925 1
7565 1
9860 1
8762 1
12988 1
9325 1
12485 1
6108 1
10744 1
10856 1
11240 1
5707 1
12714 1
12272 1
11630 1
10306 1
10178 1
6440 1
6861 1
9341 1
7549 1
9359 1
7341 1
11416 1
7175 1
12625 1
12284 1
12549 1
8617 1
6959 1
6532 1
11515 1
6561 1
12320 1
6450 1
9285 1
10957 1
12077 1
10233 1
6244 1
5750 1
9820 1
8653 1
10979 1
5919 1
9735 1
11922 1
6551 1
6413 1
12242 1
12563 1
8416 1
7090 1
5557 1
7970 1
13115 1
12638 1
7589 1
7074 1
9081 1
9705 1
12095 1
4945 1
6239 1
11418 1
10309 1
8581 1
11535 1
8539 1
10425 1
5134 1
12688 1
10661 1
12872 1
6847 1
6477 1
11433 1
6456 1
6234 1
8963 1
6545 1
10416 1
13026 1
8803 1
7572 1
10720 1
7748 1
11924 1
9563 1
7780 1
9557 1
10109 1
7419 1
8474 1
10189 1
6195 1
12562 1
12514 1
6517 1
6973 1
12061 1
8282 1
7433 1
5913 1
5598 1
11478 1
10307 1
18904 1
8945 1
12748 1
12648 1
12008 1
12271 1
9286 1
8251 1
18798 1
13293 1
9013 1
7071 1
7276 1
10383 1
7922 1
8410 1
5730 1
5419 1
10206 1
7173 1
5688 1
12853 1
8191 1
12157 1
6886 1
9136 1
11499 1
11124 1
8710 1
12804 1
7972 1
9317 1
10703 1
8319 1
11859 1
10589 1
9340 1
10019 1
6194 1
7322 1
8344 1
8724 1
5759 1
9931 1
10489 1
10015 1
6801 1
10313 1
12652 1
10850 1
6240 1
7651 1
7100 1
12156 1
13101 1
10894 1
12821 1
12796 1
12759 1
13103 1
6927 1
11309 1
12684 1
6173 1
9481 1
6183 1
12365 1
11355 1
12682 1
11771 1
7450 1
5307 1
6232 1
9593 1
5862 1
9050 1
12046 1
13011 1
7653 1
7850 1
10877 1
7194 1
7629 1
12171 1
12837 1
7329 1
9216 1
7456 1
6299 1
7673 1
8607 1
10448 1
10191 1
9083 1
11513 1
12003 1
9762 1
6360 1
5642 1
6719 1
12058 1
11748 1
9237 1
18406 1
11588 1
6415 1
8867 1
6778 1
13185 1
7299 1
10688 1
7119 1
10064 1
5543 1
10813 1
11607 1
6086 1
9274 1
5460 1
8029 1
5523 1
7201 1
9408 1
12075 1
11505 1
10129 1
10934 1
8916 1
18454 1
13226 1
11205 1
9278 1
10532 1
18815 1
9459 1
5582 1
12645 1
18817 1
8025 1
7777 1
12611 1
9426 1
9160 1
18425 1
8777 1
8634 1
9972 1
10328 1
11746 1
11328 1
10675 1
9988 1
8106 1
9818 1
12461 1
12107 1
10117 1
13355 1
7469 1
7507 1
8272 1
8529 1
5953 1
7270 1
8561 1
9897 1
9665 1
12599 1
9404 1
7394 1
5456 1
11486 1
19145 1
7632 1
6823 1
8490 1
6510 1
8639 1
8727 1
7222 1
11082 1
13098 1
11970 1
8587 1
8167 1
6324 1
7007 1
6177 1
6421 1
9362 1
8906 1
6077 1
9894 1
11044 1
8450 1
5369 1
8514 1
9014 1
7564 1
6748 1
9518 1
7164 1
12595 1
7891 1
8868 1
10931 1
6302 1
6609 1
9308 1
8186 1
7198 1
8518 1
10952 1
10397 1
8097 1
12438 1
5495 1
9273 1
10452 1
18705 1
3015 1
12987 1
7773 1
7516 1
12164 1
5343 1
12858 1
9643 1
6549 1
6100 1
10666 1
8257 1
10367 1
9854 1
10779 1
5997 1
11541 1
7251 1
8069 1
5453 1
13149 1
12023 1
6051 1
5648 1
8903 1
7379 1
10225 1
5799 1
9962 1
8088 1
10935 1
6815 1
6674 1
12083 1
9215 1
12453 1
12512 1
9232 1
6783 1
6218 1
10901 1
6308 1
18378 1
6985 1
8886 1
12717 1
6996 1
9863 1
7209 1
11569 1
6785 1
12771 1
12296 1
8033 1
8371 1
11933 1
8862 1
9183 1
12848 1
19181 1
8493 1
9356 1
7019 1
12812 1
9840 1
11884 1
11785 1
10430 1
9281 1
18844 1
5749 1
12915 1
11322 1
9335 1
9901 1
10757 1
10753 1
10043 1
7523 1
8435 1
10077 1
4752 1
12152 1
9558 1
11602 1
7539 1
11685 1
6620 1
11741 1
8473 1
6820 1
8874 1
11294 1
7829 1
10735 1
12145 1
6750 1
8137 1
6007 1
7415 1
10822 1
18634 1
11522 1
8270 1
9523 1
7864 1
7817 1
8827 1
10566 1
6116 1
10294 1
9107 1
13137 1
12199 1
5983 1
19040 1
11801 1
12914 1
10130 1
8721 1
7246 1
5439 1
11005 1
12775 1
12431 1
5906 1
9000 1
8939 1
6141 1
5450 1
11560 1
11991 1
9872 1
6385 1
10705 1
10619 1
4810 1
12049 1
10181 1
5829 1
12901 1
9087 1
18734 1
10596 1
5470 1
12939 1
12974 1
13177 1
6024 1
7321 1
11008 1
5332 1
6348 1
6581 1
13065 1
8943 1
7768 1
6987 1
12885 1
11676 1
6257 1
10406 1
9049 1
11129 1
10993 1
9542 1
8989 1
3789 1
12305 1
13707 1
7360 1
6333 1
6336 1
11140 1
9489 1
10676 1
7668 1
6591 1
7603 1
8568 1
8306 1
11906 1
6582 1
9607 1
9089 1
6875 1
12204 1
19135 1
10057 1
7808 1
13060 1
10942 1
11246 1
10671 1
7676 1
6800 1
7904 1
9565 1
11898 1
12291 1
6597 1
7408 1
9961 1
9120 1
8750 1
6227 1
7172 1
12500 1
10729 1
5297 1
12293 1
11897 1
7908 1
8458 1
5645 1
13332 1
6598 1
10141 1
10088 1
5900 1
10930 1
6544 1
11329 1
9057 1
12655 1
9560 1
9497 1
12432 1
6981 1
11547 1
9996 1
11327 1
7211 1
11895 1
11167 1
9476 1
8389 1
6948 1
7099 1
7578 1
9753 1
6691 1
8212 1
9329 1
6831 1
18628 1
5970 1
10090 1
8445 1
8085 1
13242 1
12658 1
8261 1
8558 1
5247 1
6065 1
6316 1
8425 1
8676 1
6656 1
10460 1
11847 1
8549 1
18882 1
6459 1
8438 1
9012 1
11010 1
11755 1
11989 1
10845 1
8938 1
11252 1
13049 1
9477 1
9468 1
8227 1
11241 1
7591 1
9322 1
12481 1
7236 1
8241 1
5889 1
9959 1
10962 1
8388 1
9452 1
7547 1
9502 1
6215 1
10853 1
18912 1
13178 1
11251 1
10175 1
12883 1
5748 1
10725 1
8646 1
18429 1
6125 1
11745 1
10390 1
5646 1
9957 1
8648 1
9326 1
18457 1
11635 1
5562 1
7464 1
9793 1
9058 1
9834 1
9277 1
8678 1
5321 1
10104 1
7010 1
8984 1
10557 1
7200 1
8023 1
10442 1
12491 1
7022 1
7587 1
11106 1
11832 1
12593 1
6954 1
11760 1
10731 1
11533 1
9421 1
11226 1
4655 1
11150 1
6008 1
8214 1
12516 1
11385 1
12373 1
9044 1
11361 1
12063 1
7656 1
13033 1
6144 1
11578 1
10892 1
6909 1
9203 1
7775 1
8244 1
6794 1
9385 1
12064 1
11694 1
18445 1
9125 1
11865 1
8936 1
5397 1
11229 1
8267 1
12976 1
10642 1
6319 1
7126 1
4218 1
6286 1
12217 1
5430 1
13526 1
8329 1
9482 1
6438 1
5612 1
11538 1
6199 1
10655 1
11976 1
10878 1
8399 1
12097 1
6033 1
5781 1
10855 1
10235 1
9819 1
9934 1
12146 1
5809 1
10032 1
7220 1
12004 1
12189 1
12920 1
10522 1
11157 1
10177 1
19239 1
7292 1
10843 1
11267 1
5601 1
5775 1
8043 1
11806 1
7411 1
12582 1
7069 1
11800 1
10937 1
6143 1
5758 1
13164 1
5212 1
12300 1
5692 1
18889 1
6773 1
6844 1
5632 1
7693 1
5596 1
7926 1
3345 1
11210 1
7457 1
7990 1
9942 1
6837 1
9344 1
9709 1
4586 1
10973 1
3436 1
9537 1
7511 1
10037 1
12421 1
5566 2
18842 2
4888 2
9381 2
11650 2
8036 2
19142 2
11349 2
5486 2
10029 2
11137 2
10665 2
12381 2
7190 2
8009 2
9886 2
5695 2
8707 2
7313 2
7797 2
6538 2
8728 2
9878 2
8374 2
6972 2
8692 2
7237 2
8099 2
6256 2
11802 2
11744 2
7543 2
11032 2
12678 2
9401 2
9871 2
12368 2
12142 2
10530 2
12149 2
11145 2
10659 2
9212 2
1317 2
7837 2
6851 2
7859 2
5932 2
6314 2
10443 2
10501 2
8308 2
12274 2
8163 2
18959 2
5686 2
11923 2
5555 2
13277 2
12495 2
8621 2
10664 2
18444 2
519 2
8805 2
6011 2
11786 2
9887 2
9941 2
8959 2
10441 2
11589 2
8863 2
9483 2
10584 2
9567 2
10916 2
9630 2
1250 2
8580 2
12508 2
12035 2
7501 2
7910 2
8866 2
5949 2
7475 2
11316 2
5841 2
6094 2
4390 2
6825 2
7115 2
11592 2
11006 2
7000 2
8534 2
7978 2
11937 2
11599 2
3934 2
8277 2
12994 2
13245 2
10270 2
84 2
19002 2
6824 2
7960 2
18483 2
9691 2
9566 2
8180 2
13168 2
7367 2
11944 2
8405 2
10445 2
11526 2
7706 2
12613 2
9182 2
9295 2
12349 2
6540 2
13469 2
11921 2
11708 2
7012 2
12153 2
7057 2
7682 2
8204 2
8998 2
8161 2
6671 2
9199 2
8404 2
6043 2
7205 2
11170 2
8625 2
12836 2
10520 2
5012 2
10674 2
11793 2
12088 2
7535 2
6881 2
5007 2
8402 2
4040 2
9836 2
5607 2
12307 2
12867 2
13424 2
6993 2
11830 2
11074 2
7399 2
6142 2
18905 2
