5992 0
3320 0
3374 0
5963 0
6033 0
9104 0
6049 0
3395 0
6633 0
6035 0
9092 0
5377 0
8289 0
3412 0
8315 0
6053 0
6032 0
9718 0
6348 0
8868 0
2630 0
8323 0
10635 0
3457 0
9715 0
8902 0
3365 0
3441 0
3409 0
10297 0
8310 0
3331 0
9099 0
5940 0
6359 0
4415 0
7895 0
5997 0
8308 0
3308 0
9087 0
6015 0
3442 0
9117 0
9929 0
10621 0
6980 0
7830 0
4416 0
5955 0
9714 0
10684 0
6051 0
3394 0
6040 0
6047 0
3581 0
6050 0
3419 0
9713 0
7945 0
5298 0
3163 0
8873 0
5299 0
3426 0
4617 0
5304 0
7938 0
9922 0
5991 0
5300 0
3604 0
10812 0
3301 0
6046 0
10273 0
6539 0
7910 0
3386 0
6058 0
8397 0
7937 0
9497 0
3311 0
3300 0
7283 0
3209 0
7944 0
3489 0
5246 0
9572 0
3528 0
3726 0
4684 0
9717 0
3321 0
8554 0
4830 0
4616 0
5988 0
10334 0
5305 0
7809 0
8412 0
5303 0
8767 0
8896 0
9716 0
6583 0
4487 0
8897 0
7913 0
10620 0
8886 0
7930 0
5136 0
10813 0
6048 0
3522 0
7943 0
7850 0
10768 0
3733 0
8895 0
7851 0
7387 0
9711 0
9684 0
6501 0
5003 0
9732 0
6187 0
8894 0
5241 0
9712 0
6022 0
10614 0
7941 0
4585 0
3385 0
8899 0
3520 0
7940 0
6177 0
3535 0
7942 0
10306 0
4675 0
7935 0
9686 0
9710 0
8880 0
7922 0
3296 0
3509 0
3435 0
3556 0
8901 0
5301 0
10770 0
8752 0
3396 0
3514 0
6064 0
3569 0
8756 0
3701 0
5302 0
9260 0
7893 0
6065 0
7923 0
3579 0
8327 0
10659 0
8903 0
5308 0
10648 0
6675 0
10821 0
9649 0
10299 0
5292 0
9705 0
7915 0
6448 0
10609 0
3855 0
8697 0
10174 0
8331 0
10820 0
3898 0
3305 0
10822 0
5297 0
7209 0
4025 0
7888 0
5306 0
4112 0
7867 0
8381 0
4488 0
9112 0
3547 0
5979 0
9182 0
5335 0
4019 0
5277 0
4592 0
7924 0
9168 0
3751 0
9170 0
3235 0
7901 0
7936 0
9462 0
7665 0
8898 0
9025 0
7488 0
9155 0
8513 0
3833 0
10775 0
4629 0
5047 0
7248 0
8827 0
7864 0
9096 0
7931 0
6768 0
3391 0
6253 0
6603 0
5294 0
7124 0
6029 0
7928 0
4352 0
6232 0
10276 0
6949 0
9164 0
5340 0
8600 0
7131 0
4882 0
7946 0
5327 0
9640 0
7919 0
6625 0
3586 0
3576 0
8893 0
9678 0
5336 0
7692 0
9766 0
10766 0
5069 0
4514 0
3976 0
8623 0
9618 0
8875 0
8507 0
6000 0
7448 0
6233 0
4368 0
9623 0
3861 0
9425 0
8410 0
4633 0
7316 0
7743 0
3582 0
4162 0
7472 0
4224 0
6149 0
6775 0
10734 0
6117 0
4196 0
6073 0
7431 0
3957 0
4938 0
3936 0
6083 0
6747 0
6223 0
6901 0
9706 0
8330 0
5332 0
7775 0
8889 0
9709 0
8822 0
10192 0
3313 0
8714 0
7404 0
10148 0
10758 0
9445 0
5338 0
8525 0
10277 0
5105 0
9231 0
7939 0
4001 0
8890 0
3431 0
3926 0
8416 0
6972 0
4465 0
6785 0
6078 0
4505 0
3887 0
6684 0
7343 0
7927 0
7469 0
8883 0
7454 0
6193 0
10830 0
10412 0
3543 0
7697 0
6276 0
3420 0
9476 0
7249 0
9608 0
6052 0
9125 0
10319 0
9699 0
7621 0
10765 0
10737 0
3477 0
6061 0
4293 0
9556 0
8325 0
3557 0
7044 0
6794 0
5295 0
5044 0
9191 0
7749 0
3589 0
10807 0
7462 0
7914 0
3682 0
7909 0
3986 0
9551 0
9987 0
7602 0
9322 0
7187 0
5127 0
6994 0
6938 0
4833 0
10372 0
4181 0
5102 0
7912 0
4063 0
8516 0
10407 0
7899 0
6100 0
5061 0
7929 0
4049 0
9201 0
7716 0
4711 0
9495 0
10343 0
8792 0
8891 0
7513 0
7906 0
9675 0
9833 0
9599 0
9433 0
8493 0
6229 0
9616 0
3577 0
8882 0
6471 0
3590 0
3877 0
8853 0
5328 0
6042 0
6241 0
8422 0
4473 0
3440 0
6716 0
6283 0
3672 0
7753 0
6723 0
9576 0
9387 0
8825 0
9602 0
6090 0
7181 0
6688 0
4552 0
3873 0
6810 0
6786 0
5203 0
3584 0
7403 0
10658 0
8887 0
6313 0
9111 0
6324 0
7085 0
4994 0
6155 0
9189 0
9552 0
6557 0
4731 0
7376 0
4673 0
6216 0
4776 0
4886 0
4085 0
6990 0
5272 0
6112 0
3871 0
9657 0
7594 0
4495 0
8706 0
9517 0
6615 0
7208 0
7933 0
4914 0
9574 0
7459 0
8317 0
3980 0
6057 0
6917 0
6554 0
9352 0
9396 0
9573 0
6370 0
6779 0
4541 0
3837 0
6055 0
8632 0
10825 0
8790 0
3942 0
8833 0
6743 0
4926 0
8726 0
7128 0
6174 0
9452 0
7136 0
4714 0
7780 0
4793 0
5291 0
3840 0
4183 0
7253 0
3771 0
4095 0
9435 0
10389 0
7375 0
8768 0
6580 0
3472 0
8271 0
4426 0
9567 0
7158 0
7381 0
4125 0
3711 0
8614 0
4345 0
5316 0
7478 0
9561 0
8673 0
7455 0
4744 0
5339 0
3766 0
6910 0
6678 0
7636 0
9138 0
5132 0
9940 0
7817 0
4524 0
9249 0
10589 0
4222 0
4342 0
8320 0
8261 0
4024 0
9663 0
3554 0
7615 0
8776 0
4033 0
6343 0
4212 0
9437 0
5165 0
4392 0
8583 0
7332 0
3705 0
7321 0
9414 0
6403 0
6875 0
9421 0
9914 0
3458 0
3780 0
10374 0
3970 0
9610 0
4448 0
4998 0
7784 0
5024 0
10397 0
5041 0
7038 0
7103 0
4292 0
4839 0
9398 0
7882 0
6798 0
9233 0
5128 0
3892 0
6701 0
3770 0
7490 0
3327 0
10328 0
7091 0
7917 0
7642 0
9358 0
3803 0
8800 0
3597 0
6616 0
3961 0
9309 0
6919 0
7060 0
9704 0
6124 0
9129 0
6522 0
5115 0
7926 0
7812 0
3411 0
7889 0
6226 0
7781 0
8862 0
5139 0
7871 0
7066 0
7456 0
4814 0
4469 0
5315 0
3466 0
9693 0
4103 0
6493 0
9702 0
7759 0
6746 0
7443 0
6546 0
4577 0
7599 0
4596 0
6259 0
4071 0
10738 0
7644 0
6778 0
7047 0
5048 0
9457 0
4100 0
6298 0
7123 0
7662 0
5008 0
6070 0
9263 0
4154 0
4504 0
5159 0
7226 0
7039 0
3690 0
7815 0
4647 0
6161 0
7445 0
7730 0
2483 0
6203 0
4689 0
4889 0
4054 0
4599 0
6925 0
7004 0
4859 0
5256 0
10275 0
6614 0
3482 0
9707 0
7407 0
9239 0
7932 0
3928 0
4476 0
7360 0
8724 0
6274 0
9179 0
7129 0
7859 0
3521 0
8860 0
4243 0
10719 0
6081 0
3932 0
8662 0
6604 0
7832 0
4601 0
8874 0
4068 0
9653 0
6041 0
6619 0
6698 0
9670 0
7700 0
9416 0
10219 0
5337 0
6889 0
4498 0
4785 0
6108 0
7027 0
3600 0
8297 0
4147 0
4847 0
3444 0
10408 0
9514 0
8702 0
10178 0
4329 0
4441 0
4264 0
9529 0
6399 0
6703 0
3897 0
9559 0
5062 0
8661 0
5081 0
4756 0
3648 0
4610 0
6200 0
4559 0
6760 0
4664 0
6269 0
7770 0
4738 0
4220 0
9578 0
7364 0
4124 0
3971 0
10599 0
7816 0
4614 0
10832 0
6853 0
7280 0
3698 0
10720 0
4912 0
8258 0
6170 0
6562 0
6898 0
3930 0
4218 0
3913 0
9454 0
6060 0
5266 0
4666 0
8434 0
9524 0
8997 0
5149 0
6818 0
6211 0
3844 0
5244 0
8675 0
7340 0
8242 0
9394 0
3416 0
3966 0
7698 0
8620 0
7112 0
8751 0
4924 0
4163 0
7591 0
6484 0
3518 0
8686 0
3632 0
10837 0
6564 0
7582 0
6376 0
8653 0
7921 0
10181 0
9392 0
7176 0
9525 0
8689 0
3551 0
5189 0
7683 0
5289 0
7422 0
5186 0
4014 0
9637 0
6935 0
4848 0
9615 0
7434 0
6989 0
3567 0
3644 0
4927 0
7001 0
10212 0
4975 0
6195 0
8631 0
5921 0
10171 0
7031 0
9548 0
6906 0
5074 0
3732 0
9560 0
6514 0
4470 0
6408 0
8401 0
7908 0
3883 0
7245 0
3995 0
7080 0
6011 0
7370 0
8394 0
4082 0
8427 0
7355 0
6588 0
9344 0
9655 0
7734 0
5245 0
6976 0
4877 0
5141 0
8532 0
6164 0
7861 0
9185 0
9508 0
7215 0
6773 0
5037 0
9266 0
7898 0
9620 0
9381 0
6189 0
5090 0
6346 0
4985 0
3967 0
4403 0
10322 0
6749 0
6815 0
3718 0
9492 0
8849 0
6840 0
6402 0
6113 0
10406 0
4334 0
7718 0
7412 0
4991 0
5134 0
9268 0
7767 0
4933 0
6821 0
8389 0
6997 0
5288 0
8273 0
7115 0
7540 0
3493 0
7534 0
10226 0
4468 0
8370 0
6126 0
6084 0
8764 0
7877 0
4123 0
7624 0
8514 0
6900 0
5073 0
4974 0
4265 0
10756 0
6094 0
8344 0
4458 0
4027 0
7198 0
4439 0
9355 0
8641 0
8486 0
10150 0
4955 0
3635 0
3525 0
8754 0
9673 0
10267 0
5287 0
4453 0
6569 0
4321 0
4792 0
4486 0
7612 0
3876 0
6550 0
6497 0
7121 0
9410 0
7281 0
9364 0
3878 0
3303 0
3984 0
9619 0
8806 0
6836 0
5270 0
9377 0
7896 0
7563 0
7892 0
7506 0
3668 0
9283 0
8496 0
10233 0
4282 0
8640 0
4256 0
5072 0
5284 0
6074 0
10195 0
3929 0
3890 0
5007 0
8501 0
4155 0
3657 0
10402 0
4207 0
9747 0
7829 0
3882 0
4906 0
6673 0
10776 0
7346 0
7918 0
9981 0
7292 0
8781 0
7477 0
7860 0
7366 0
7865 0
4199 0
9592 0
8474 0
5038 0
4399 0
6517 0
4169 0
10203 0
9475 0
7557 0
6127 0
3842 0
4098 0
9145 0
3699 0
6222 0
3708 0
6252 0
9708 0
7275 0
8813 0
8854 0
7457 0
9131 0
8421 0
9771 0
8336 0
4915 0
5106 0
4141 0
8426 0
8688 0
4052 0
6358 0
3851 0
4677 0
9153 0
4406 0
8888 0
4663 0
6670 0
9278 0
6991 0
4887 0
6820 0
9690 0
6668 0
7393 0
6558 0
6499 0
7741 0
5026 0
5321 0
4620 0
6462 0
3688 0
7792 0
7481 0
7897 0
7453 0
3963 0
5065 0
4117 0
5126 0
4530 0
9002 0
4850 0
6208 0
4930 0
7069 0
6118 0
5006 0
6420 0
5066 0
9247 0
6950 0
5101 0
3608 0
4076 0
3452 0
9689 0
9436 0
4419 0
5183 0
6650 0
8546 0
7820 0
10833 0
8799 0
5156 0
4817 0
6555 0
4140 0
7096 0
8511 0
7689 0
10394 0
10218 0
8633 0
6206 0
6657 0
4461 0
3979 0
6483 0
8597 0
3752 0
4937 0
5027 0
9595 0
4690 0
7268 0
9523 0
4377 0
4932 0
6453 0
9696 0
10090 0
6647 0
4432 0
9660 0
10204 0
8460 0
8487 0
3748 0
9984 0
7821 0
8630 0
7188 0
9520 0
4360 0
7588 0
9295 0
6722 0
7460 0
3564 0
8637 0
7835 0
9489 0
4907 0
4943 0
9148 0
7920 0
3802 0
7095 0
6534 0
9146 0
3888 0
3939 0
4144 0
3810 0
8593 0
8587 0
7903 0
6854 0
5076 0
7580 0
3909 0
4423 0
4732 0
8548 0
5290 0
7848 0
7799 0
6983 0
4477 0
6936 0
5150 0
8484 0
8872 0
8684 0
10223 0
4788 0
8441 0
6516 0
8491 0
8729 0
10186 0
3624 0
3743 0
6864 0
4249 0
3497 0
4149 0
4857 0
10329 0
7083 0
8814 0
9255 0
8574 0
4806 0
5060 0
6327 0
8478 0
3745 0
8871 0
4796 0
8403 0
6145 0
7805 0
6238 0
7315 0
3558 0
7204 0
9369 0
3790 0
10781 0
3654 0
3948 0
6552 0
9614 0
9149 0
6045 0
7620 0
3834 0
7150 0
8861 0
4362 0
6757 0
6398 0
3636 0
7725 0
6610 0
5188 0
4700 0
4404 0
8856 0
5324 0
8557 0
4161 0
9484 0
3527 0
7723 0
9936 0
4828 0
3538 0
9142 0
3958 0
7562 0
7274 0
6429 0
4693 0
5314 0
5117 0
8440 0
3978 0
5329 0
4042 0
9695 0
6714 0
7515 0
5238 0
8869 0
6485 0
4150 0
4108 0
9458 0
6834 0
3531 0
7094 0
8565 0
6280 0
4513 0
8829 0
6044 0
6974 0
7868 0
9538 0
4543 0
7556 0
10352 0
8324 0
4565 0
4412 0
4549 0
9470 0
7883 0
3955 0
4956 0
7300 0
4797 0
5333 0
6331 0
3642 0
3814 0
8701 0
4195 0
10395 0
7224 0
4380 0
7670 0
7768 0
4778 0
10200 0
4896 0
7577 0
9739 0
4607 0
5323 0
8438 0
6316 0
9622 1
4770 1
6322 1
4060 1
6468 1
9326 1
7102 1
3053 1
7446 1
7502 1
8388 1
7634 1
9291 1
4781 1
10384 1
7632 1
6597 1
9389 1
5025 1
6368 1
3689 1
3835 1
6296 1
7904 1
10721 1
4061 1
8765 1
7508 1
7907 1
9229 1
6172 1
6372 1
7590 1
8771 1
8582 1
6791 1
5208 1
4055 1
6099 1
5317 1
7256 1
3821 1
10257 1
10149 1
7876 1
6754 1
7147 1
8629 1
10206 1
6702 1
9217 1
6121 1
3828 1
4353 1
7905 1
4290 1
6245 1
4626 1
9700 1
7440 1
4069 1
7259 1
4680 1
6261 1
6351 1
5053 1
4208 1
6704 1
6525 1
8470 1
7227 1
6655 1
9140 1
4527 1
7713 1
9350 1
9160 1
6340 1
8364 1
9324 1
6697 1
6808 1
5093 1
9107 1
5231 1
4911 1
9632 1
3975 1
7739 1
7604 1
6782 1
6956 1
4572 1
10393 1
8446 1
4251 1
3507 1
6133 1
7916 1
6639 1
4146 1
9363 1
9327 1
6310 1
5331 1
5118 1
7561 1
4686 1
6427 1
7174 1
7535 1
3517 1
7180 1
7107 1
9319 1
6659 1
4255 1
9227 1
7369 1
4957 1
3753 1
5313 1
7151 1
9985 1
6859 1
8803 1
6674 1
4736 1
5181 1
7675 1
5914 1
7278 1
6054 1
6168 1
4979 1
8634 1
7303 1
5014 1
6654 1
6869 1
6036 1
7279 1
4557 1
4075 1
6947 1
4022 1
3664 1
3422 1
8466 1
4158 1
7793 1
7169 1
10269 1
4544 1
7010 1
7806 1
9367 1
6062 1
9354 1
3954 1
7480 1
4908 1
4493 1
4762 1
9482 1
9463 1
4539 1
6371 1
7013 1
6680 1
7559 1
8665 1
8462 1
9448 1
10753 1
6755 1
7826 1
7149 1
7925 1
4694 1
7449 1
4083 1
3620 1
5285 1
6092 1
6835 1
4540 1
10242 1
4376 1
7827 1
5211 1
6765 1
8595 1
5129 1
4009 1
10335 1
9643 1
9109 1
8377 1
4190 1
10403 1
6649 1
5180 1
6617 1
7532 1
7735 1
6455 1
10386 1
7754 1
10786 1
8552 1
4748 1
7537 1
6355 1
10235 1
9760 1
4807 1
7239 1
7608 1
9431 1
7191 1
6295 1
3875 1
7026 1
10828 1
9499 1
8547 1
8682 1
10345 1
3492 1
6116 1
8737 1
9688 1
6959 1
9246 1
6152 1
4941 1
7257 1
5207 1
4467 1
8602 1
6143 1
3720 1
3603 1
3915 1
3671 1
6635 1
7143 1
3850 1
4446 1
6915 1
6602 1
4205 1
6003 1
6676 1
9356 1
6406 1
9516 1
3905 1
9669 1
6634 1
6731 1
7687 1
6297 1
3715 1
3812 1
10012 1
9685 1
5145 1
9679 1
9845 1
10368 1
8408 1
3789 1
7639 1
4129 1
9159 1
7726 1
6167 1
8358 1
3827 1
4965 1
6364 1
7528 1
7842 1
6436 1
7507 1
5913 1
6737 1
8851 1
6363 1
3757 1
7884 1
6439 1
7856 1
5109 1
6251 1
6341 1
4418 1
7555 1
5112 1
4652 1
7516 1
3801 1
3571 1
8739 1
8527 1
4044 1
7548 1
9631 1
7028 1
8573 1
6571 1
6528 1
9176 1
6457 1
4885 1
4278 1
10341 1
7347 1
3919 1
7240 1
8363 1
4270 1
6494 1
7386 1
9133 1
7512 1
9541 1
4536 1
5071 1
3885 1
8360 1
5261 1
10209 1
6301 1
9488 1
9479 1
7057 1
5928 1
9276 1
5089 1
6300 1
5182 1
7337 1
6266 1
4799 1
10398 1
7831 1
4551 1
4497 1
4535 1
9742 1
4672 1
4717 1
4688 1
4509 1
4518 1
9135 1
6805 1
10718 1
8654 1
10416 1
9113 1
4555 1
6987 1
7260 1
5196 1
9128 1
7544 1
6781 1
7019 1
7586 1
10236 1
8419 1
8844 1
5005 1
4136 1
4089 1
7593 1
4801 1
7782 1
6466 1
8430 1
9302 1
3826 1
6388 1
3587 1
10312 1
6599 1
8716 1
4084 1
10367 1
3852 1
5260 1
6163 1
5176 1
7310 1
4462 1
10726 1
3799 1
9593 1
9280 1
10172 1
4674 1
10179 1
9070 1
9152 1
10360 1
7421 1
4304 1
7527 1
8845 1
8785 1
6240 1
4983 1
3786 1
4910 1
6267 1
7875 1
6404 1
6600 1
7777 1
7728 1
5279 1
9380 1
8680 1
10649 1
3523 1
8109 1
6374 1
9287 1
6424 1
8878 1
9677 1
8592 1
4237 1
6128 1
8885 1
6410 1
7342 1
3903 1
9656 1
7617 1
6741 1
7475 1
9694 1
3459 1
9177 1
6421 1
7849 1
4654 1
10634 1
7560 1
8468 1
5004 1
3490 1
4587 1
8581 1
9617 1
5310 1
7664 1
9181 1
5217 1
10364 1
3673 1
7880 1
8786 1
7879 1
6433 1
10247 1
8667 1
7277 1
7127 1
10152 1
5258 1
9720 1
5170 1
4553 1
6292 1
7823 1
4388 1
7607 1
3962 1
3969 1
7619 1
3867 1
6325 1
5056 1
5213 1
8564 1
5204 1
8643 1
10271 1
4113 1
5033 1
8824 1
4214 1
10383 1
7685 1
7082 1
10221 1
3610 1
8884 1
6382 1
8415 1
6894 1
6884 1
4715 1
9163 1
4296 1
4480 1
4942 1
3996 1
6871 1
8562 1
5250 1
3832 1
6098 1
3486 1
10373 1
6391 1
5173 1
4556 1
9365 1
3760 1
8550 1
5162 1
9498 1
7394 1
4665 1
7088 1
7035 1
6519 1
9550 1
6896 1
5334 1
3675 1
4533 1
8384 1
4824 1
8251 1
6304 1
7087 1
8372 1
4747 1
10151 1
10710 1
6909 1
6977 1
3637 1
6825 1
7014 1
6486 1
3658 1
9697 1
6450 1
6789 1
10595 1
4020 1
9698 1
5001 1
4922 1
6068 1
9196 1
7601 1
9461 1
7089 1
8549 1
7857 1
10258 1
7628 1
10268 1
8333 1
10227 1
10358 1
6770 1
7862 1
7350 1
7606 1
8371 1
5131 1
7558 1
9444 1
7141 1
4840 1
4662 1
6841 1
7494 1
8725 1
3763 1
3544 1
9290 1
4369 1
8417 1
6123 1
7273 1
8718 1
10263 1
4779 1
6589 1
7795 1
6345 1
5045 1
10388 1
2839 1
7833 1
6103 1
9218 1
7219 1
10671 1
4440 1
5232 1
8407 1
3860 1
7059 1
3896 1
5251 1
7542 1
6308 1
6807 1
7666 1
6672 1
8448 1
3820 1
6700 1
6066 1
7182 1
9672 1
5130 1
4615 1
4567 1
4683 1
6532 1
4261 1
7828 1
6742 1
10399 1
6720 1
9397 1
5964 1
4964 1
6852 1
9306 1
5094 1
7681 1
7435 1
5138 1
9503 1
7566 1
5032 1
4989 1
9211 1
3968 1
3901 1
7545 1
8762 1
4064 1
3764 1
8485 1
9213 1
6337 1
7866 1
7114 1
8859 1
4598 1
4656 1
7870 1
7400 1
7098 1
4164 1
8770 1
7076 1
3550 1
9483 1
3916 1
7678 1
9505 1
4804 1
6916 1
8543 1
3854 1
7442 1
3684 1
6467 1
8563 1
5137 1
8687 1
6585 1
4365 1
6282 1
9926 1
7312 1
8835 1
10173 1
4096 1
6147 1
10794 1
7891 1
4378 1
10739 1
7413 1
5227 1
10376 1
10259 1
9841 1
8678 1
4707 1
9103 1
7934 1
10414 1
3831 1
10370 1
9547 1
3623 1
10778 1
9116 1
4091 1
8584 1
3972 1
6553 1
7810 1
5097 1
8570 1
8841 1
6962 1
5205 1
8569 1
9144 1
5140 1
7105 1
7299 1
4139 1
6272 1
7155 1
6082 1
7167 1
10381 1
3006 1
4267 1
10288 1
3716 1
6134 1
4512 1
6960 1
7696 1
4177 1
7194 1
9748 1
6151 1
7055 1
9843 1
7416 1
3559 1
7495 1
9683 1
6423 1
9147 1
7282 1
7246 1
4079 1
9658 1
9915 1
3769 1
4958 1
5157 1
6985 1
9256 1
9565 1
10637 1
8502 1
4087 1
9252 1
7349 1
10011 1
9418 1
9141 1
4389 1
4611 1
4438 1
4786 1
6750 1
9667 1
4159 1
6220 1
9167 1
5276 1
6509 1
9913 1
5144 1
3542 1
6626 1
4763 1
5184 1
8368 1
6594 1
6826 1
7003 1
6942 1
7520 1
6383 1
6975 1
3506 1
4062 1
9542 1
9726 1
10838 1
10348 1
5018 1
9440 1
6523 1
9383 1
5153 1
7071 1
9207 1
4252 1
7330 1
6096 1
9262 1
6764 1
4073 1
8235 1
8382 1
4702 1
9230 1
8239 1
3736 1
4766 1
6827 1
6856 1
7699 1
4992 1
3797 1
4119 1
8457 1
9566 1
4429 1
4624 1
4408 1
3987 1
5040 1
9611 1
5125 1
9301 1
8712 1
9114 1
4050 1
6866 1
9264 1
9224 1
3621 1
7146 1
6246 1
7157 1
3808 1
10723 1
7333 1
6366 1
3981 1
4751 1
7569 1
6598 1
8341 1
1494 1
7452 1
6264 1
7890 1
8655 1
6811 1
8533 1
6591 1
5151 1
10362 1
7222 1
6735 1
7498 1
5247 1
8745 1
6281 1
7525 1
6563 1
9281 1
10769 1
4387 1
8393 1
4706 1
8402 1
4230 1
7800 1
10197 1
7267 1
8504 1
7334 1
5195 1
8719 1
7465 1
9764 1
9934 1
7287 1
3312 1
5281 1
3738 1
4074 1
3866 1
7575 1
9341 1
7189 1
6069 1
10327 1
7742 1
3612 1
7822 1
5326 1
8998 1
5087 1
6874 1
8651 1
3665 1
5142 1
4568 1
6745 1
4046 1
10396 1
6872 1
3800 1
5011 1
3777 1
6417 1
7894 1
7554 1
6727 1
8722 1
3515 1
4803 1
5148 1
9379 1
5229 1
6586 1
7423 1
7373 1
3737 1
8644 1
9466 1
9335 1
5098 1
6797 1
9371 1
4291 1
4021 1
7351 1
6620 1
7684 1
8367 1
9282 1
6101 1
6362 1
4489 1
10332 1
8480 1
7682 1
4671 1
5168 1
10317 1
6470 1
4072 1
8708 1
4148 1
10722 1
10672 1
9115 1
6321 1
8760 1
7140 1
4529 1
6876 1
7679 1
8802 1
9307 1
4364 1
3869 1
8495 1
7769 1
4809 1
5077 1
7221 1
3679 1
9512 1
10391 1
7688 1
7798 1
8850 1
7415 1
8727 1
6154 1
7165 1
9310 1
4837 1
8387 1
3605 1
6492 1
10355 1
7297 1
8465 1
9759 1
3858 1
4122 1
7317 1
3476 1
7695 1
6449 1
6729 1
4226 1
8805 1
7293 1
3630 1
7380 1
7251 1
6072 1
4619 1
6091 1
4005 1
6612 1
9408 1
10254 1
4777 1
9666 1
7886 1
7651 1
9200 1
4623 1
3709 1
5223 1
6505 1
3478 1
8715 1
4636 1
7016 1
4260 1
6392 1
5075 1
9270 1
6306 1
4735 1
4716 1
3616 1
7230 1
7778 1
4883 1
6299 1
6970 1
6922 1
7228 1
7631 1
7263 1
8652 1
4482 1
7530 1
8664 1
4851 1
4316 1
4818 1
6661 1
5265 1
3512 1
7363 1
6630 1
7881 1
9316 1
3717 1
3868 1
3933 1
6273 1
6767 1
6294 1
3607 1
10308 1
9570 1
4456 1
9393 1
7578 1
4526 1
9223 1
3747 1
7521 1
4858 1
7051 1
4175 1
8838 1
4730 1
8343 1
7680 1
8810 1
4202 1
4655 1
4920 1
9446 1
4667 1
6813 1
3678 1
5088 1
7414 1
10241 1
6350 1
7772 1
3750 1
7818 1
7023 1
9605 1
8847 1
4570 1
6390 1
6645 1
7244 1
4987 1
8759 1
7164 1
7630 1
4309 1
7362 1
4844 1
7284 1
7093 1
9681 1
7746 1
7764 1
4357 1
7067 1
7025 1
5253 1
7482 1
8339 1
5155 1
3998 1
4772 1
8379 1
7195 1
9584 1
3990 1
7745 1
9594 1
6932 1
6857 1
6862 1
4952 1
5080 1
10295 1
4661 1
7834 1
4573 1
8753 1
10627 1
3774 1
6734 1
3629 1
7694 1
5235 1
3574 1
7543 1
6695 1
4978 1
7214 1
4904 1
7022 1
7707 1
3917 1
4746 1
4435 1
7523 1
5046 1
7484 1
8541 1
9269 1
4916 1
9676 1
7428 1
8365 1
3602 1
8788 1
3767 1
10140 1
3598 1
9944 1
5280 1
5249 1
4768 1
4831 1
7869 1
6107 1
9628 1
7761 1
9521 1
8730 1
3670 1
3856 1
3845 1
9417 1
4973 1
7408 1
10246 1
9165 1
10142 1
6601 1
4582 1
10136 1
4187 1
6129 1
8347 1
6186 1
7042 1
9590 1
4077 1
8666 1
10256 1
10231 1
8494 1
4133 1
4204 1
7324 1
7671 1
6543 1
3874 1
4884 1
9939 1
8429 1
3653 1
10208 1
8420 1
3519 1
4698 1
6830 1
8848 1
7153 1
8864 1
4165 1
9634 1
5319 1
5236 1
7755 1
7433 1
8832 1
6651 1
9741 1
9513 1
7847 1
3782 1
9746 1
9650 1
6263 1
8692 1
7075 1
9530 1
3805 1
4484 1
3565 1
3944 1
6507 1
7843 1
6920 1
4015 1
8866 1
7773 1
8497 1
4171 1
5325 1
4002 1
10587 1
3537 1
6685 1
5051 1
6352 1
10324 1
3599 1
5237 1
9221 1
8603 1
9325 1
6394 1
6207 1
4411 1
7285 1
4678 1
3798 1
7311 1
9375 1
9173 1
7052 1
7740 1
6218 1
4121 1
4168 1
9313 1
4472 1
8490 1
4642 1
6979 1
8505 1
9250 1
8351 1
9279 1
6255 1
7120 1
8618 1
6201 1
9240 1
4571 1
9011 1
4391 1
9589 1
7032 1
6629 1
9357 1
8483 1
9428 1
9451 1
4003 1
4940 1
5135 1
6231 1
9982 1
4239 1
3580 1
6845 1
4298 1
4946 1
7583 1
9390 1
3787 1
6357 1
6140 1
7789 1
8635 1
8585 1
6691 1
6526 1
8779 1
4608 1
3839 1
9680 1
4574 1
7012 1
9562 1
4492 1
7104 1
4795 1
7037 1
5293 1
8463 1
4483 1
8642 1
5219 1
9320 1
6381 1
7084 1
9468 1
7658 1
9258 1
3713 1
8801 1
8879 1
4685 1
6968 1
4888 1
3601 1
4127 1
9442 1
8531 1
7573 1
10387 1
7295 1
8670 1
4733 1
6305 1
3758 1
4303 1
4651 1
5206 1
6640 1
7218 1
7514 1
5197 1
7353 1
4581 1
6870 1
6819 1
4632 1
6905 1
4521 1
3912 1
10217 1
7090 1
10401 1
6221 1
10410 1
4697 1
8510 1
5111 1
6665 1
8591 1
4182 1
7356 1
9582 1
10356 1
9411 1
8520 1
10237 1
6800 1
4873 1
7190 1
10390 1
6400 1
9190 1
7748 1
8445 1
4128 1
7238 1
4558 1
10347 1
6823 1
9378 1
9374 1
8700 1
8259 1
7797 1
3768 1
9950 1
7911 1
5000 1
8881 1
9624 1
6262 1
4815 1
3552 1
3594 1
4279 1
7335 1
7070 1
4116 1
7614 1
4729 1
5059 1
8823 1
10010 1
8498 1
6824 1
7385 1
4449 1
7262 1
6882 1
7319 1
3994 1
10176 1
7476 1
3508 1
9735 1
6451 1
6677 1
6809 1
4246 1
9545 1
5147 1
4829 1
7264 1
10224 1
5178 1
6063 1
3686 1
3847 1
4511 1
2389 1
6275 1
4067 1
3498 1
3687 1
8744 1
6465 1
7046 1
4346 1
6287 1
8734 1
4734 1
6923 1
6419 1
6587 1
7192 1
8858 1
3530 1
5263 1
4676 1
9730 1
9486 1
7547 1
4874 1
3504 1
4625 1
6921 1
4463 1
5633 1
8766 1
10255 1
7029 1
4186 1
7172 1
7623 1
7043 1
9085 1
8380 1
4231 1
10337 1
4398 1
6717 1
4871 1
3775 1
3618 1
4107 1
4692 1
4109 1
6536 1
4420 1
6886 1
8443 1
9123 1
4811 1
6286 1
5318 1
10353 1
8512 1
10603 1
9294 1
7133 1
8509 1
9536 1
4826 1
7887 1
8588 1
4679 1
5095 1
3908 1
4990 1
9465 1
5042 1
7496 1
4712 1
7874 1
4197 1
6607 1
9285 1
3693 1
9625 1
4283 1
6257 1
3560 1
8523 1
3667 1
4240 1
4172 1
6150 1
10007 1
9174 1
4097 1
10280 1
7504 1
4355 1
4936 1
8721 1
8432 1
8648 1
4988 1
8649 1
4217 1
8508 1
7783 1
9630 1
7205 1
7863 1
8710 1
10349 1
6067 1
7595 1
9154 1
10392 1
7402 1
6194 1
9691 1
9609 1
8863 1
4319 1
10310 1
10001 1
7081 1
8551 1
5309 1
9254 1
9959 1
5214 1
8524 1
3951 1
8590 1
4268 1
9305 1
6459 1
4330 1
4805 1
6256 1
3819 1
9701 1
6606 1
4528 1
6967 1
4328 1
10673 1
4861 1
6624 1
8778 1
6713 1
7509 1
4209 1
4659 1
7653 1
7492 1
4628 1
6278 1
8636 1
4259 1
4634 1
4004 1
9243 1
4791 1
3843 1
9220 1
6338 1
3495 1
7305 1
5179 1
6776 1
6664 1
3846 1
5107 1
4960 1
4272 1
3622 1
3809 1
7846 1
7041 1
7401 1
6669 1
9485 1
8361 1
6850 1
5221 1
7338 1
7466 1
9490 1
3555 1
6293 1
8647 1
10313 1
3639 1
6740 1
7522 1
4894 1
6708 1
6907 1
9419 1
6461 1
4324 1
8608 1
3779 1
7306 1
6738 1
4242 1
7794 1
4724 1
3776 1
6496 1
7493 1
7470 1
4232 1
9169 1
6982 1
4221 1
5202 1
7398 1
4106 1
7410 1
4431 1
3583 1
10652 1
6638 1
10196 1
5259 1
9353 1
6736 1
6431 1
4993 1
7845 1
4274 1
9682 1
6986 1
8362 1
6981 1
8877 1
9471 1
10207 1
9481 1
9209 1
8791 1
6787 1
6159 1
7018 1
9409 1
10667 1
3659 1
4295 1
6958 1
10184 1
3857 1
6234 1
3889 1
4789 1
7436 1
3568 1
5224 1
4174 1
8733 1
7024 1
6490 1
9205 1
6941 1
6739 1
4307 1
7126 1
9526 1
10190 1
8356 1
7804 1
7786 1
7302 1
4485 1
10350 1
4188 1
7600 1
9692 1
7002 1
4725 1
4649 1
5143 1
3177 1
8357 1
4545 1
9236 1
4043 1
3355 1
10592 1
4517 1
6846 1
6660 1
4285 1
7372 1
9588 1
4597 1
6169 1
4589 1
7301 1
9206 1
6367 1
9293 1
6581 1
7589 1
7790 1
8580 1
8676 1
7570 1
4287 1
6838 1
3830 1
3646 1
6692 1
8348 1
4841 1
6799 1
7463 1
4775 1
6135 1
7073 1
7691 1
10314 1
4501 1
4849 1
8671 1
6191 1
4771 1
7785 1
5057 1
4709 1
3575 1
8609 1
4538 1
4810 1
9385 1
6780 1
6728 1
8855 1
6756 1
4832 1
9519 1
3707 1
6307 1
4339 1
7450 1
5230 1
5052 1
3306 1
10366 1
4563 1
6425 1
9183 1
4430 1
6504 1
6279 1
4317 1
5330 1
5322 1
4402 1
4101 1
4248 1
8453 1
10779 1
6538 1
8559 1
3541 1
7732 1
3534 1
6120 1
10582 1
6719 1
7383 1
9487 1
4547 1
7072 1
6445 1
7613 1
6488 1
4236 1
4250 1
5122 1
4881 1
7703 1
10244 1
10357 1
4977 1
6144 1
4862 1
7550 1
10101 1
6440 1
6843 1
4191 1
9429 1
4151 1
7427 1
7237 1
7352 1
8750 1
4899 1
3730 1
6621 1
6188 1
10653 1
6384 1
9235 1
6572 1
5296 1
8705 1
10143 1
7233 1
7900 1
6476 1
7097 1
8728 1
9577 1
6879 1
7197 1
4040 1
9204 1
10013 1
8840 1
4088 1
9321 1
3899 1
6984 1
4900 1
8482 1
9271 1
9674 1
4008 1
10342 1
5110 1
5070 1
6454 1
9210 1
4229 1
5278 1
7368 1
4737 1
4228 1
9331 1
4967 1
4437 1
10100 1
9368 1
3353 1
4767 1
9607 1
6418 1
7803 1
4929 1
4428 1
4234 1
4713 1
4594 1
5013 1
10238 1
7787 1
6247 1
8694 1
4893 1
7327 1
4152 1
4819 1
3788 1
10177 1
8314 1
4032 1
6136 1
4030 1
7119 1
9330 1
3681 1
8566 1
8578 1
6887 1
8262 1
9518 1
6954 1
4704 1
6851 1
7122 1
6709 1
8842 1
10817 1
9228 1
9361 1
4263 1
6444 1
4395 1
7314 1
8707 1
9118 1
7135 1
4343 1
7396 1
3643 1
8857 1
4578 1
4311 1
9119 1
6354 1
9298 1
3484 1
3759 1
3703 1
6952 1
9175 1
8650 1
6196 1
7551 1
8553 1
8572 1
8436 1
8808 1
4016 1
10375 1
9917 1
7655 1
6590 1
9362 1
3796 1
8748 1
9575 1
7611 1
9110 1
3739 1
7213 1
7536 1
9731 1
3491 1
4727 1
10411 1
7729 1
4640 1
4167 1
10351 1
3918 1
4382 1
4808 1
3546 1
3938 1
6913 1
9532 1
8476 1
6641 1
6088 1
8818 1
4969 1
7033 1
9564 1
8740 1
6270 1
7637 1
8264 1
8624 1
6548 1
7841 1
9391 1
6087 1
6326 1
8598 1
5271 1
7704 1
8839 1
3772 1
9120 1
7801 1
4233 1
3973 1
8406 1
7184 1
3734 1
5215 1
7635 1
9472 1
7744 1
6071 1
4499 1
3631 1
4890 1
9447 1
7825 1
4381 1
4193 1
6518 1
3959 1
4215 1
9441 1
5146 1
8617 1
6396 1
4995 1
8713 1
5242 1
6752 1
9384 1
8378 1
8538 1
4358 1
6330 1
6868 1
9338 1
4968 1
6249 1
7171 1
8999 1
5174 1
4093 1
6277 1
6430 1
7564 1
4635 1
6814 1
8830 1
3807 1
9297 1
6481 1
4397 1
3741 1
10404 1
4621 1
7565 1
9349 1
4332 1
6926 1
3330 1
6732 1
5209 1
9267 1
4836 1
3920 1
6861 1
7643 1
3952 1
4244 1
7145 1
5187 1
4951 1
8783 1
7202 1
5243 1
3651 1
7626 1
4897 1
10811 1
6312 1
4903 1
8775 1
9328 1
3900 1
4115 1
9671 1
8250 1
6963 1
4336 1
4422 1
8834 1
6943 1
6447 1
4192 1
3756 1
4798 1
4235 1
3676 1
7572 1
6243 1
7873 1
10330 1
4750 1
8506 1
5030 1
3488 1
7175 1
4396 1
8329 1
7210 1
8459 1
6636 1
3895 1
8698 1
4921 1
7229 1
3804 1
3754 1
10339 1
7045 1
9208 1
6556 1
4773 1
6918 1
4277 1
8575 1
6478 1
4474 1
6212 1
6524 1
8663 1
3627 1
3487 1
4802 1
9946 1
9953 1
6777 1
3824 1
6715 1
10300 1
9376 1
8594 1
9664 1
8449 1
8757 1
5267 1
9234 1
8534 1
4708 1
9571 1
7389 1
6434 1
4755 1
9728 1
7654 1
7142 1
5124 1
7203 1
3907 1
6796 1
10336 1
7130 1
8789 1
8350 1
5029 1
6353 1
3853 1
4029 1
9641 1
4691 1
5255 1
7538 1
9761 1
4245 1
3685 1
8625 1
3960 1
4409 1
6574 1
4872 1
4705 1
8477 1
10321 1
8326 1
4658 1
4294 1
7009 1
9300 1
9345 1
6511 1
7717 1
5015 1
5091 1
4637 1
4507 1
9933 1
6833 1
7737 1
8337 1
8658 1
10600 1
7641 1
3615 1
5172 1
6902 1
6204 1
4092 1
4986 1
4852 1
4645 1
6199 1
3674 1
4300 1
4516 1
8558 1
6576 1
7802 1
7714 1
5193 1
3595 1
8596 1
4981 1
9768 1
7406 1
4909 1
3656 1
10199 1
9983 1
9937 1
7461 1
3613 1
4266 1
3617 1
6442 1
9534 1
8423 1
8536 1
5166 1
6500 1
9404 1
9501 1
3588 1
4917 1
4433 1
4618 1
4247 1
10000 1
8846 1
4593 1
7444 1
7156 1
9426 1
8454 1
5268 1
7377 1
4835 1
6812 1
9314 1
10354 1
7236 1
4013 1
4198 1
7609 1
6141 1
10625 1
5067 1
8338 1
4371 1
3333 1
3934 1
3910 1
4531 1
4405 1
6409 1
5079 1
4341 1
9902 1
6520 1
4194 1
4454 1
3545 1
8695 1
4834 1
6646 1
4466 1
7173 1
8392 1
10733 1
5096 1
9745 1
9988 1
7708 1
7510 1
8720 1
5264 1
4999 1
10633 1
6139 1
3872 1
6803 1
7529 1
7854 1
8437 1
6652 1
7663 1
8703 1
9199 1
4554 1
9601 1
4375 1
8741 1
3469 1
6271 1
10346 1
7485 1
4657 1
7367 1
6386 1
7405 1
7758 1
6883 1
4687 1
9941 1
7255 1
4281 1
8260 1
7225 1
3473 1
5307 1
9604 1
9382 1
5119 1
3467 1
6696 1
5068 1
7474 1
7017 1
7137 1
3532 1
6198 1
10187 1
4966 1
3940 1
6513 1
6530 1
7357 1
6250 1
4741 1
4622 1
10009 1
10147 1
7170 1
7581 1
3371 1
9336 1
9106 1
6105 1
8798 1
7491 1
6110 1
6667 1
8413 1
4126 1
6653 1
9242 1
10004 1
4007 1
3829 1
8865 1
10137 1
7659 1
9216 1
4297 1
8451 1
4963 1
7054 1
4284 1
6412 1
8867 1
3817 1
8769 1
6998 1
8475 1
8683 1
7576 1
3794 1
3841 1
9546 1
5222 1
6897 1
7271 1
7185 1
8717 1
6878 1
10144 1
4854 1
5031 1
10282 1
3773 1
8398 1
9898 1
8807 1
10415 1
5058 1
9359 1
10823 1
4653 1
9459 1
8545 1
3985 1
3893 1
10836 1
3923 1
4219 1
4548 1
7021 1
9403 1
8481 1
4759 1
9646 1
5192 1
7166 1
6056 1
3793 1
9339 1
7715 1
7163 1
9311 1
10232 1
4427 1
6336 1
7065 1
10749 1
8646 1
4868 1
5257 1
4997 1
10626 1
4099 1
8763 1
6666 1
7656 1
4901 1
6945 1
9662 1
9927 1
9474 1
3946 1
5114 1
4481 1
7885 1
4949 1
5177 1
4262 1
9299 1
6828 1
9531 1
7177 1
3712 1
7549 1
9654 1
6939 1
7677 1
3784 1
4757 1
4864 1
6248 1
6999 1
9308 1
4595 1
4631 1
7756 1
10594 1
5190 1
9318 1
8589 1
7358 1
9535 1
8876 1
8599 1
4646 1
5016 1
9443 1
6173 1
7269 1
4223 1
4962 1
6774 1
6578 1
6801 1
6102 1
3825 1
3533 1
7872 1
6710 1
8787 1
9502 1
9121 1
8831 1
9304 1
6705 1
3641 1
3468 1
7701 1
10006 1
10008 1
5311 1
10316 1
8340 1
6202 1
8621 1
5152 1
6937 1
3879 1
8784 1
4754 1
3628 1
6378 1
9932 1
9161 1
10201 1
3516 1
5133 1
3744 1
3500 1
9274 1
4257 1
7348 1
7844 1
6361 1
4269 1
6138 1
10165 1
9464 1
3691 1
7242 1
7409 1
7646 1
5171 1
5002 1
6758 1
5248 1
3740 1
7766 1
4923 1
8613 1
6892 1
9126 1
5185 1
6480 1
8528 1
8796 1
5282 1
6817 1
6893 1
9315 1
6111 1
6730 1
4860 1
6903 1
7329 1
8586 1
6137 1
8452 1
9222 1
8809 1
5234 1
7424 1
7411 1
6228 1
9192 1
10272 1
10651 1
9143 1
4701 1
4471 1
7487 1
5167 1
7294 1
9999 1
5100 1
4308 1
9703 1
4813 1
6265 1
4569 1
10170 1
4041 1
6146 1
6320 1
7328 1
4118 1
8742 1
6877 1
4018 1
4327 1
9026 1
4366 1
8577 1
9187 1
9935 1
6288 1
3993 1
7633 1
7183 1
7499 1
9460 1
9405 1
9284 1
8795 1
7068 1
7232 1
6323 1
3536 1
10380 1
8793 1
8660 1
7144 1
7388 1
6542 1
7058 1
7132 1
3904 1
4947 1
10278 1
4931 1
10400 1
6535 1
10623 1
4764 1
6097 1
6482 1
10632 1
6822 1
7298 1
3662 1
9724 1
5123 1
3443 1
8612 1
5654 1
7325 1
4145 1
4045 1
3922 1
3931 1
6566 1
6148 1
6171 1
9178 1
8610 1
10831 1
9585 1
8359 1
8355 1
7212 1
8414 1
3785 1
7196 1
10141 1
6762 1
6284 1
4758 1
3937 1
9172 1
9909 1
6904 1
6793 1
8461 1
9621 1
4496 1
6718 1
8870 1
6895 1
8746 1
7008 1
9844 1
8479 1
6837 1
4443 1
6965 1
7201 1
6443 1
4340 1
7318 1
8611 1
9639 1
6858 1
7765 1
4066 1
6628 1
7503 1
4925 1
3761 1
9388 1
8571 1
4337 1
8821 1
9587 1
8568 1
7417 1
4059 1
7247 1
9288 1
4519 1
9003 1
4035 1
9402 1
4668 1
5194 1
5210 1
6531 1
9509 1
9449 1
4603 1
10301 1
6560 1
7390 1
8711 1
6475 1
6004 1
10309 1
4719 1
4723 1
9942 1
3755 1
8817 1
7116 1
3502 1
5286 1
9763 1
7807 1
4875 1
8782 1
10240 1
10624 1
6679 1
9473 1
3494 1
8604 1
6992 1
8615 1
4176 1
9958 1
9500 1
7270 1
4048 1
10225 1
3513 1
3638 1
3496 1
7587 1
4110 1
8517 1
9225 1
6995 1
8816 1
7574 1
9399 1
6579 1
4373 1
4520 1
9237 1
9346 1
6611 1
7418 1
6184 1
3731 1
7234 1
8352 1
4812 1
7178 1
4961 1
3483 1
5034 1
4384 1
7757 1
3781 1
9432 1
7774 1
4740 1
9241 1
6706 1
4057 1
6570 1
4053 1
4821 1
4855 1
6790 1
7063 1
9184 1
10331 1
4739 1
6254 1
7111 1
6802 1
7320 1
8567 1
5019 1
7720 1
9323 1
7674 1
6405 1
5275 1
8723 1
10215 1
7339 1
7308 1
6632 1
3563 1
3749 1
9232 1
8515 1
9493 1
4137 1
4417 1
7811 1
7836 1
3700 1
8404 1
3505 1
4825 1
3884 1
6393 1
3992 1
6510 1
8826 1
9606 1
3649 1
8270 1
10146 1
4288 1
4258 1
5226 1
4865 1
6349 1
3870 1
4902 1
6847 1
9612 1
7291 1
5218 1
9188 1
6744 1
10760 1
7721 1
8522 1
5108 1
7439 1
6162 1
4034 1
3626 1
9553 1
5017 1
4459 1
8537 1
7486 1
5233 1
6596 1
4051 1
8469 1
3813 1
3935 1
4323 1
6413 1
3561 1
4424 1
6407 1
7432 1
4173 1
3539 1
10363 1
10216 1
4464 1
4160 1
4363 1
9238 1
4845 1
4351 1
4564 1
10622 1
3925 1
7648 1
6260 1
9645 1
7579 1
5254 1
4853 1
7727 1
10724 1
3570 1
3553 1
6464 1
4604 1
8500 1
3921 1
6993 1
7429 1
4913 1
7207 1
5121 1
6086 1
7497 1
9515 1
4227 1
6515 1
6474 1
9248 1
6642 1
6623 1
2774 1
7519 1
3953 1
6788 1
10377 1
3849 1
10205 1
4525 1
6291 1
6584 1
4132 1
7020 1
10002 1
7148 1
7618 1
8622 1
8616 1
9296 1
3891 1
7309 1
6156 1
7840 1
9008 1
7384 1
6592 1
10333 1
8731 1
3611 1
7779 1
7824 1
9337 1
4178 1
6498 1
6662 1
9644 1
9948 1
6848 1
5312 1
7736 1
6582 1
7426 1
9723 1
6334 1
4286 1
5198 1
3836 1
4023 1
10405 1
8472 1
4546 1
10560 1
6365 1
4153 1
6387 1
10274 1
9406 1
3924 1
6931 1
9215 1
3983 1
7585 1
4359 1
6694 1
9957 1
7049 1
4532 1
8812 1
4241 1
6644 1
4414 1
6806 1
10777 1
4203 1
6115 1
4769 1
9303 1
6712 1
4970 1
7061 1
9597 1
3997 1
8526 1
8332 1
4349 1
3591 1
7078 1
7603 1
7048 1
7467 1
8458 1
9400 1
9292 1
8638 1
9613 1
8488 1
7468 1
9139 1
9312 1
7118 1
9134 1
10185 1
7288 1
7036 1
9275 1
10182 1
3725 1
3669 1
4407 1
7250 1
9598 1
7622 1
6508 1
6079 1
3862 1
4305 1
6966 1
6609 1
6389 1
10228 1
8249 1
4017 1
4318 1
8518 1
8492 1
7086 1
8828 1
3881 1
8383 1
6258 1
9455 1
6290 1
4827 1
8530 1
8499 1
10260 1
4451 1
6681 1
9638 1
6951 1
8444 1
8749 1
6192 1
5199 1
7106 1
6885 1
4179 1
3988 1
7629 1
7592 1
8439 1
4718 1
3964 1
9537 1
7518 1
4846 1
6537 1
10220 1
6567 1
6627 1
10265 1
7597 1
3614 1
6561 1
5009 1
8540 1
7473 1
8385 1
6411 1
3714 1
3811 1
6622 1
9627 1
10234 1
4142 1
4842 1
8804 1
7712 1
7290 1
6160 1
5023 1
10311 1
10780 1
7751 1
7258 1
9903 1
9259 1
9506 1
4612 1
8435 1
7231 1
4867 1
9469 1
5240 1
10379 1
10767 1
8690 1
6452 1
4356 1
3722 1
4111 1
4225 1
4401 1
4166 1
8263 1
5274 1
7053 1
7438 1
8464 1
8366 1
7425 1
8561 1
9668 1
6996 1
6961 1
4216 1
8679 1
8843 1
6437 1
10005 1
3680 1
7345 1
7652 1
6125 1
3481 1
6521 1
3471 1
3655 1
7705 1
10210 1
4972 1
5154 1
7199 1
4774 1
3721 1
6631 1
7101 1
4390 1
9557 1
7501 1
6244 1
10717 1
4494 1
8736 1
6329 1
8811 1
4012 1
6804 1
9005 1
6533 1
6911 1
3791 1
9150 1
7598 1
7837 1
6663 1
9647 1
5103 1
7852 1
9652 1
7359 1
5228 1
4863 1
6375 1
7451 1
6831 1
7517 1
4310 1
7731 1
4820 1
9579 1
7000 1
7625 1
4080 1
6888 1
6166 1
5216 1
7471 1
6565 1
8433 1
4670 1
4935 1
7296 1
7382 1
4895 1
6577 1
4934 1
9202 1
3572 1
7168 1
6751 1
9510 1
7858 1
7159 1
8409 1
8489 1
9767 1
10189 1
3943 1
7676 1
9736 1
4898 1
6153 1
6224 1
9665 1
7134 1
8761 1
7391 1
9415 1
6095 1
3719 1
6969 1
4157 1
5252 1
7322 1
4605 1
4238 1
8659 1
3566 1
9373 1
7526 1
5966 1
4638 1
3540 1
9494 1
5036 1
6489 1
8560 1
6178 1
4400 1
6860 1
4253 1
4335 1
3661 1
4606 1
6435 1
8455 1
4682 1
5099 1
9496 1
9998 1
9265 1
4452 1
9151 1
7660 1
4210 1
9636 1
5262 1
10666 1
7596 1
7762 1
4669 1
6929 1
3894 1
4720 1
10829 1
6503 1
6373 1
9511 1
6946 1
4105 1
6953 1
7571 1
6179 1
4905 1
9186 1
10202 1
8342 1
6379 1
8390 1
7030 1
9743 1
4523 1
4780 1
6414 1
3475 1
4442 1
7365 1
10193 1
8529 1
10615 1
6076 1
7776 1
6085 1
7007 1
3573 1
4590 1
6175 1
7710 1
6104 1
6930 1
9424 1
3949 1
6687 1
4588 1
5225 1
6940 1
10320 1
3947 1
8400 1
10315 1
4550 1
4320 1
4749 1
4421 1
4410 1
4600 1
7567 1
6197 1
3503 1
7839 1
7722 1
4086 1
6595 1
6236 1
10819 1
7686 1
6360 1
6235 1
4114 1
8447 1
4000 1
4065 1
6699 1
6568 1
9522 1
9629 1
9273 1
8519 1
9661 1
10413 1
6512 1
7079 1
3818 1
9166 1
3526 1
6426 1
5113 1
7667 1
8945 1
4457 1
8254 1
9347 1
6863 1
4566 1
4011 1
9257 1
5055 1
4325 1
6547 1
7813 1
9423 1
5163 1
4996 1
7109 1
6545 1
3724 1
9195 1
6344 1
8693 1
6964 1
4184 1
4515 1
10003 1
9591 1
9342 1
6891 1
7531 1
7313 1
6335 1
7241 1
5175 1
1940 1
7161 1
4333 1
6978 1
9340 1
4273 1
6637 1
6928 1
7074 1
8399 1
5158 1
10631 1
7788 1
7152 1
4102 1
5201 1
9635 1
9765 1
7645 1
3634 1
4503 1
9581 1
4613 1
3865 1
7254 1
4386 1
3727 1
10709 1
6613 1
5039 1
4869 1
10752 1
6725 1
3606 1
4450 1
8669 1
4876 1
6080 1
5022 1
6165 1
4271 1
7266 1
9430 1
3474 1
10772 1
7289 1
9507 1
8777 1
3723 1
7447 1
4490 1
8657 1
7771 1
9687 1
7747 1
9905 1
4213 1
4728 1
3823 1
8442 1
4800 1
6855 1
5063 1
6549 1
7479 1
3989 1
10344 1
6356 1
6948 1
4843 1
4696 1
4880 1
4648 1
7064 1
6109 1
7361 1
4322 1
9543 1
9401 1
8544 1
5028 1
8503 1
3640 1
3729 1
5104 1
5020 1
7050 1
4522 1
4302 1
8353 1
4347 1
7902 1
10014 1
3863 1
4980 1
8852 1
4891 1
9194 1
4586 1
4036 1
3706 1
9456 1
7627 1
6908 1
8820 1
3652 1
10409 1
4385 1
9289 1
10371 1
10338 1
7553 1
9438 1
6605 1
9912 1
6707 1
8154 1
10378 1
7702 1
4120 1
10168 1
6865 1
6957 1
5086 1
4944 1
5010 1
3692 1
6089 1
4170 1
7458 1
10814 1
8473 1
6131 1
10385 1
7154 1
10164 1
8747 1
4627 1
10359 1
6239 1
4134 1
3950 1
9596 1
7546 1
3880 1
6190 1
6711 1
4722 1
8696 1
8405 1
6748 1
7034 1
4460 1
6446 1
10361 1
6472 1
4206 1
4838 1
9842 1
7113 1
3945 1
4787 1
8685 1
4313 1
7062 1
7326 1
6302 1
6656 1
6309 1
9633 1
4254 1
7610 1
6314 1
10725 1
9986 1
6432 1
7344 1
10365 1
4506 1
7505 1
9642 1
4383 1
6544 1
5283 1
5035 1
3742 1
9737 1
7304 1
4026 1
4681 1
9540 1
6766 1
6927 1
6285 1
10650 1
9480 1
4447 1
9491 1
10222 1
10194 1
4892 1
5556 1
6912 1
4436 1
9583 1
7511 1
7392 1
5043 1
4790 1
7650 1
7160 1
4982 1
9603 1
3816 1
7539 1
6873 1
7668 1
9626 1
3902 1
4866 1
6416 1
4508 1
7711 1
9725 1
7261 1
10827 1
8542 1
3666 1
5085 1
9648 1
10191 1
7638 1
9569 1
4954 1
9757 1
4939 1
9533 1
3838 1
7323 1
6842 1
7673 1
6721 1
9544 1
6219 1
7791 1
4742 1
6541 1
6682 1
10266 1
10735 1
2905 1
4047 1
9831 1
4078 1
6106 1
8758 1
6839 1
3974 1
7100 1
4130 1
2621 1
7125 1
7193 1
4478 1
3991 1
6671 1
10593 1
4976 1
6753 1
9245 1
7437 1
7272 1
4131 1
10108 1
7814 1
3965 1
3702 1
3382 1
9333 1
6495 1
4591 1
7733 1
3578 1
4879 1
4782 1
9197 1
7307 1
9004 1
9729 1
4491 1
4562 1
6540 1
8837 1
4056 1
5064 1
8375 1
5078 1
6506 1
8321 1
3480 1
7110 1
10613 1
5164 1
6724 1
3348 1
5054 1
8346 1
7040 1
6792 1
2964 1
7719 1
7286 1
3479 1
6527 1
3806 1
4138 1
7243 1
8772 1
3549 1
10773 1
5320 1
8773 1
9370 1
7838 1
10175 1
10180 1
6319 1
6816 1
6955 1
7724 1
4331 1
4211 1
10198 1
4928 1
5191 1
3529 1
7374 1
9420 1
9212 1
4765 1
4379 1
4326 1
3660 1
9372 1
10239 1
7211 1
9329 1
6460 1
7750 1
6759 1
4301 1
4367 1
8743 1
2510 1
8318 1
8396 1
8555 1
4579 1
3464 1
8471 1
3906 1
10188 1
7336 1
4350 1
7709 1
8797 1
3941 1
10598 1
8306 1
4479 1
7649 1
4156 1
6132 1
6683 1
4104 1
6122 1
9360 1
6242 1
8668 1
4394 1
7420 1
8780 1
7077 1
3704 1
7006 1
10818 1
9901 1
6230 1
6181 1
9407 1
4094 1
9835 1
3592 1
8265 1
6783 1
4510 1
10681 1
10213 1
8619 1
4950 1
5169 1
7524 1
9450 1
10318 1
9343 1
6315 1
9563 1
4185 1
8521 1
8272 1
8395 1
8576 1
4699 1
4189 1
9744 1
7399 1
7379 1
8627 1
6648 1
7216 2
8709 2
9076 2
4761 2
3864 2
4822 2
9554 2
4542 2
7796 2
6119 2
6849 2
9064 2
3501 2
4393 2
1817 2
3695 2
9332 2
4081 2
3694 2
6415 2
6328 2
6311 2
8376 2
7533 2
6487 2
3822 2
6227 2
9132 2
6237 2
4794 2
6377 2
9395 2
9203 2
7706 2
9214 2
6225 2
4575 2
6973 2
7690 2
9906 2
7661 2
6210 2
7605 2
9727 2
9198 2
7763 2
9600 2
4425 2
8535 2
4695 2
7139 2
6456 2
7378 2
7005 2
3783 2
3645 2
4058 2
7819 2
4703 2
2860 2
10340 2
7200 2
9427 2
6130 2
3696 2
6477 2
6176 2
6158 2
6573 2
8579 2
5116 2
4312 2
6318 2
7117 2
3914 2
9171 2
8601 2
3815 2
7464 2
4455 2
8334 2
10730 2
4280 2
6339 2
7186 2
8605 2
5012 2
10605 2
4289 2
6914 2
6441 2
4306 2
7138 2
8681 2
9477 2
4354 2
7669 2
5120 2
9277 2
8556 2
9334 2
9918 2
8732 2
6881 2
9156 2
9157 2
9386 2
6428 2
7752 2
9219 2
4583 2
3848 2
9193 2
6093 2
6971 2
6658 2
7483 2
6342 2
7265 2
10810 2
6726 2
9317 2
9226 2
3663 2
3886 2
8794 2
3999 2
8238 2
10298 2
9102 2
4135 2
7568 2
10183 2
8539 2
7206 2
9907 2
9136 2
6890 2
10211 2
4276 2
4031 2
8374 2
9261 2
8425 2
4038 2
9434 2
8369 2
6347 2
9549 2
8656 2
5273 2
3585 2
9286 2
8411 2
6473 2
4576 2
6944 2
6559 2
3977 2
3697 2
7441 2
4959 2
3393 2
10826 2
3982 2
3765 2
9738 2
4918 2
1984 2
9251 2
9527 2
8755 2
3378 2
9945 2
8672 2
8606 2
4374 2
3762 2
4945 2
8607 2
10607 2
9955 2
7489 2
8900 2
6761 2
9439 2
6289 2
4760 2
6880 2
7760 2
4037 2
3342 2
4537 2
6205 2
4753 2
3710 2
8704 2
10604 2
1595 2
7015 2
9162 2
4028 2
3609 2
5212 2
7235 2
9740 2
7092 2
8699 2
4783 2
4534 2
5160 2
7056 2
2548 2
7354 2
10214 2
6385 2
6217 2
9734 2
9568 2
9077 2
4348 2
4143 2
6832 2
9943 2
9253 2
32 2
4743 2
4584 2
5050 2
7500 2
4372 2
9086 2
5084 2
4745 2
5743 2
3728 2
9083 2
6690 2
9348 2
2732 2
3859 2
10824 2
9580 2
7878 2
8349 2
10809 2
9122 2
3350 2
10808 2
8738 2
6303 2
4561 2
4361 2
6209 2
6933 2
9010 2
6593 2
9124 2
8293 2
6733 2
6397 2
10806 2
9558 2
3358 2
8467 2
3548 2
5949 2
7808 2
134 2
7371 2
8345 2
9651 2
10167 2
9916 2
6369 2
8431 2
7331 2
7738 2
3911 2
10296 2
6463 2
8335 2
4445 2
4434 2
9839 2
9478 2
6829 2
3625 2
7108 2
3735 2
5944 2
4650 2
10805 2
5773 2
9467 2
8354 2
4444 2
6988 2
7162 2
9528 2
9908 2
5220 2
8386 2
8174 2
6502 2
6693 2
4971 2
9956 2
6795 2
6077 2
6142 2
8815 2
10606 2
8391 2
5049 2
9158 2
8284 2
8628 2
8328 2
4314 2
6395 2
3927 2
4710 2
3795 2
6772 2
8774 2
5269 2
4870 2
9947 2
5021 2
7011 2
3485 2
3792 2
6317 2
10834 2
9137 2
3746 2
2654 2
3677 2
6934 2
4984 2
10601 2
3650 2
9834 2
10586 2
4502 2
4641 2
6618 2
9733 2
3633 2
9899 2
8677 2
1685 2
4953 2
6438 2
3683 2
9790 2
7220 2
4039 2
6771 2
8450 2
1807 2
8836 2
2999 2
6924 2
4560 2
6469 2
6763 2
4752 2
4200 2
9108 2
8456 2
10323 2
3956 2
5092 2
4660 2
6180 2
7616 2
7584 2
3008 2
4919 2
9555 2
3593 2
6769 2
6458 2
7419 2
3562 2
1490 2
10630 2
9127 2
4413 2
3647 2
3511 2
4630 2
6380 2
7217 2
9100 2
5954 2
8132 2
9504 2
8645 2
6867 2
4090 2
6185 2
9244 2
7179 2
9951 2
8626 2
6643 2
9366 2
7657 2
10835 2
6844 2
9453 2
3524 2
6332 2
5161 2
8076 2
8892 2
7252 2
6213 2
4475 2
6784 2
2914 2
9769 2
3596 2
4370 2
9586 2
6182 2
1284 2
3778 2
7855 2
3499 2
4878 2
4070 2
10757 2
6686 2
6491 2
9422 2
5239 2
7099 2
4500 2
10755 2
4639 2
4299 2
4315 2
8373 2
7647 2
8691 2
9919 2
8639 2
5083 2
7341 2
4784 2
6401 2
10602 2
3013 2
4726 2
6479 2
4602 2
4643 2
7640 2
107 2
4201 2
9412 2
6422 2
3346 2
7853 2
8674 2
3619 2
6215 2
4010 2
9659 2
8418 2
9721 2
9130 2
7430 2
7693 2
6575 2
1280 2
9180 2
7552 2
9272 2
7397 2
6551 2
4823 2
4344 2
8735 2
8819 2
4275 2
7541 2
2603 2
7223 2
9351 2
3465 2
6183 2
6529 2
9539 2
6333 2
4006 2
1737 2
7276 2
5200 2
4580 2
4180 2
8108 2
3239 2
6268 2
6899 2
6214 2
6157 2
4609 2
8424 2
7672 2
6689 2
5082 2
4816 2
9006 2
4644 2
8428 2
6608 2
4948 2
4856 2
10815 2
